PETALUMA		SONOMA						
122.617	38.267							
MO	DA	YEAR	TMAX	TMIN	SOL	PRCP	RH	WIND
1	1	1999	17.2	-1.7	123	5.838	-1	-1
1	2	1999	15.6	-2.2	108	3.046	-1	-1
1	3	1999	12.8	-3.3	116	4.569	-1	-1
1	4	1999	11.7	-1.1	73	7.36	-1	-1
1	5	1999	12.8	-1.1	103	5.076	-1	-1
1	6	1999	9.4	-1.1	65	2.538	-1	-1
1	7	1999	8.3	-1.1	51	5.33	-1	-1
1	8	1999	13.3	3.9	72	4.569	-1	-1
1	9	1999	9.4	-2.2	83	5.838	-1	-1
1	10	1999	10.6	-1.7	77	2.031	-1	-1
1	11	1999	14.4	-1.7	74	5.076	-1	-1
1	12	1999	15	-0.6	102	8.629	-1	-1
1	13	1999	12.2	3.3	58	7.107	-1	-1
1	14	1999	13.9	4.4	58	5.584	-1	-1
1	15	1999	15	8.3	48	4.822	-1	-1
1	16	1999	15	6.1	97	13.7	-1	-1
1	17	1999	13.9	9.4	28	3.3	-1	-1
1	18	1999	15.6	9.4	66	5.838	-1	-1
1	19	1999	15	10	27	2.284	-1	-1
1	20	1999	13.9	8.9	32	5.838	-1	-1
1	21	1999	15	5.6	93	2.284	-1	-1
1	22	1999	13.3	7.8	27	4.569	-1	-1
1	23	1999	12.8	0.6	86	4.822	-1	-1
1	24	1999	13.9	-1.7	132	6.091	-1	-1
1	25	1999	15	1.1	141	4.315	-1	-1
1	26	1999	12.8	0	78	3.553	-1	-1
1	27	1999	16.1	-1.7	146	8.122	-1	-1
1	28	1999	15.6	-1.7	140	3.046	-1	-1
1	29	1999	13.3	-1.1	119	4.315	-1	-1
1	30	1999	12.8	-1.1	85	3.046	-1	-1
1	31	1999	13.3	1.1	107	3.3	-1	-1
2	1	1999	14.4	-1.1	157	3.046	-1	-1
2	2	1999	16.1	-2.2	151	6.091	-1	-1
2	3	1999	15	-0.6	155	4.822	-1	-1
2	4	1999	16.1	0.6	134	6.599	-1	-1
2	5	1999	13.3	-2.2	131	4.061	-1	-1
2	6	1999	12.2	7.2	10	5.584	-1	-1
2	7	1999	15	7.2	82	6.345	-1	-1
2	8	1999	13.3	7.2	26	6.091	-1	-1
2	9	1999	13.3	0.6	134	3.553	-1	-1
2	10	1999	12.8	-1.1	159	4.061	-1	-1
2	11	1999	13.9	-2.8	157	2.031	-1	-1
2	12	1999	13.3	0.6	106	9.137	-1	-1
2	13	1999	11.1	0.6	51	8.883	-1	-1
2	14	1999	13.3	2.2	118	9.645	-1	-1
2	15	1999	12.8	-1.7	124	4.822	-1	-1
2	16	1999	12.2	6.7	18	10.4	-1	-1
2	17	1999	16.1	6.1	130	9.137	-1	-1
2	18	1999	12.2	3.9	43	4.061	-1	-1
2	19	1999	18.3	2.2	170	9.137	-1	-1
2	20	1999	9.4	2.2	21	2.792	-1	-1
2	21	1999	12.2	2.8	117	6.345	-1	-1
2	22	1999	15	5	118	1.523	-1	-1
2	23	1999	17.2	5	87	3.807	-1	-1
2	24	1999	13.3	7.8	55	2.538	-1	-1
2	25	1999	13.9	2.8	190	2.284	-1	-1
2	26	1999	14.4	0.6	135	2.538	-1	-1
2	27	1999	16.7	7.8	128	3.046	-1	-1
2	28	1999	13.9	8.9	38	5.076	-1	-1
3	1	1999	19.4	4.4	196	4.061	-1	-1
3	2	1999	17.8	0.6	177	8.376	-1	-1
3	3	1999	15	3.9	175	5.33	-1	-1
3	4	1999	14.4	0.6	216	5.33	-1	-1
3	5	1999	15	0.6	203	5.076	-1	-1
3	6	1999	13.3	1.7	173	2.284	-1	-1
3	7	1999	15	-2.2	225	4.061	-1	-1
3	8	1999	12.2	5.6	52	5.33	-1	-1
3	9	1999	12.2	1.7	167	4.822	-1	-1
3	10	1999	12.2	1.1	178	4.569	-1	-1
3	11	1999	16.1	1.7	226	3.046	-1	-1
3	12	1999	15.6	-0.6	225	5.33	-1	-1
3	13	1999	15	3.3	158	7.107	-1	-1
3	14	1999	10	6.1	41	2.792	-1	-1
3	15	1999	16.1	3.3	208	4.569	-1	-1
3	16	1999	16.7	1.7	229	4.315	-1	-1
3	17	1999	15	4.4	199	4.061	-1	-1
3	18	1999	14.4	4.4	96	3.807	-1	-1
3	19	1999	13.9	7.2	48	1.523	-1	-1
3	20	1999	16.1	4.4	150	1.777	-1	-1
3	21	1999	14.4	4.4	119	3.807	-1	-1
3	22	1999	14.4	3.9	118	2.538	-1	-1
3	23	1999	15.6	5	198	4.315	-1	-1
3	24	1999	11.7	8.3	26	3.553	-1	-1
3	25	1999	18.3	7.2	133	4.569	-1	-1
3	26	1999	18.9	3.3	265	3.553	-1	-1
3	27	1999	16.7	2.8	267	2.284	-1	-1
3	28	1999	16.1	-0.6	264	1.015	-1	-1
3	29	1999	15.6	0.6	180	1.015	-1	-1
3	30	1999	12.8	0	203	2.284	-1	-1
3	31	1999	12.2	0	209	4.315	-1	-1
4	1	1999	16.1	-1.1	285	4.315	-1	-1
4	2	1999	18.9	0.6	285	0.508	-1	-1
4	3	1999	13.9	3.3	249	0.761	-1	-1
4	4	1999	16.7	1.7	287	1.269	-1	-1
4	5	1999	11.7	3.3	148	2.284	-1	-1
4	6	1999	15.6	1.7	191	1.015	-1	-1
4	7	1999	15.6	1.7	169	2.031	-1	-1
4	8	1999	20	6.1	205	2.031	-1	-1
4	9	1999	15	-2.2	292	1.015	-1	-1
4	10	1999	8.9	5	58	1.523	-1	-1
4	11	1999	16.1	6.1	194	3.046	-1	-1
4	12	1999	18.9	5	278	2.284	-1	-1
4	13	1999	20.6	3.9	259	1.269	-1	-1
4	14	1999	30	3.9	304	1.015	-1	-1
4	15	1999	27.8	3.9	281	0.508	-1	-1
4	16	1999	26.7	9.4	266	0.508	-1	-1
4	17	1999	25	6.7	302	1.523	-1	-1
4	18	1999	22.2	5	282	1.015	-1	-1
4	19	1999	24.4	5	285	2.031	-1	-1
4	20	1999	22.2	5.6	293	1.015	-1	-1
4	21	1999	20	3.3	315	0.761	-1	-1
4	22	1999	23.3	3.9	325	0.508	-1	-1
4	23	1999	26.1	7.8	324	2.031	-1	-1
4	24	1999	19.4	4.4	294	2.792	-1	-1
4	25	1999	14.4	7.8	123	1.269	-1	-1
4	26	1999	17.8	2.8	245	0.761	-1	-1
4	27	1999	16.7	1.7	327	0.254	-1	-1
4	28	1999	19.4	0	324	0.761	-1	-1
4	29	1999	22.8	6.7	328	0.761	-1	-1
4	30	1999	25.6	3.9	306	0.508	-1	-1
5	1	1999	21.7	3.9	329	2.284	-1	-1
5	2	1999	17.2	5	172	1.015	-1	-1
5	3	1999	16.7	7.2	224	0.254	-1	-1
5	4	1999	18.9	2.2	336	0.254	-1	-1
5	5	1999	22.8	2.8	334	0.254	-1	-1
5	6	1999	23.9	2.8	333	0.761	-1	-1
5	7	1999	24.4	1.1	349	0.761	-1	-1
5	8	1999	22.2	0.6	342	0	-1	-1
5	9	1999	22.2	2.8	335	0.254	-1	-1
5	10	1999	23.3	2.2	311	0.254	-1	-1
5	11	1999	28.9	6.1	333	0	-1	-1
5	12	1999	25.6	6.7	340	0.761	-1	-1
5	13	1999	22.2	1.7	348	0.508	-1	-1
5	14	1999	18.9	1.1	346	0	-1	-1
5	15	1999	20	1.1	348	0.761	-1	-1
5	16	1999	22.2	1.7	344	1.523	-1	-1
5	17	1999	23.3	3.9	346	0.508	-1	-1
5	18	1999	18.9	6.1	334	1.015	-1	-1
5	19	1999	19.4	2.8	318	0.254	-1	-1
5	20	1999	20.6	6.1	284	1.015	-1	-1
5	21	1999	24.4	5	348	0.508	-1	-1
5	22	1999	27.8	6.1	347	0.254	-1	-1
5	23	1999	17.2	11.1	185	1.269	-1	-1
5	24	1999	17.2	8.9	257	0.254	-1	-1
5	25	1999	21.7	8.9	304	0.254	-1	-1
5	26	1999	23.3	9.4	265	0.508	-1	-1
5	27	1999	19.4	8.9	258	3.046	-1	-1
5	28	1999	20	7.8	302	1.269	-1	-1
5	29	1999	19.4	6.1	331	1.269	-1	-1
5	30	1999	16.7	5.6	278	0.254	-1	-1
5	31	1999	16.1	10	238	0.254	-1	-1
6	1	1999	13.3	8.9	73	0	-1	-1
6	2	1999	17.2	7.8	354	0	-1	-1
6	3	1999	18.9	6.7	246	0.254	-1	-1
6	4	1999	20	4.4	347	1.269	-1	-1
6	5	1999	20	7.8	323	0.254	-1	-1
6	6	1999	23.9	3.9	369	0.254	-1	-1
6	7	1999	22.2	1.7	364	0.254	-1	-1
6	8	1999	21.7	1.7	370	0.254	-1	-1
6	9	1999	22.8	3.3	366	0.254	-1	-1
6	10	1999	23.9	3.9	358	0	-1	-1
6	11	1999	20.6	5.6	357	0	-1	-1
6	12	1999	20	8.3	323	0	-1	-1
6	13	1999	25	6.7	338	0	-1	-1
6	14	1999	23.3	10.6	330	0	-1	-1
6	15	1999	21.7	9.4	345	0.254	-1	-1
6	16	1999	23.3	7.2	336	0.254	-1	-1
6	17	1999	26.7	10.6	315	0	-1	-1
6	18	1999	25.6	6.1	352	0	-1	-1
6	19	1999	24.4	6.7	374	0	-1	-1
6	20	1999	25	7.8	326	0	-1	-1
6	21	1999	26.7	11.1	372	0	-1	-1
6	22	1999	25.6	10.6	367	0	-1	-1
6	23	1999	27.8	11.7	312	0	-1	-1
6	24	1999	24.4	10	309	0	-1	-1
6	25	1999	26.1	6.1	374	0	-1	-1
6	26	1999	26.1	5.6	370	0	-1	-1
6	27	1999	30	6.7	367	0	-1	-1
6	28	1999	30.6	8.3	369	0.508	-1	-1
6	29	1999	31.7	8.9	363	0.508	-1	-1
6	30	1999	32.8	10.6	359	0.254	-1	-1
7	1	1999	28.3	10	363	0	-1	-1
7	2	1999	27.8	6.1	367	0	-1	-1
7	3	1999	22.8	6.1	365	0	-1	-1
7	4	1999	26.1	4.4	372	0	-1	-1
7	5	1999	27.2	6.1	375	0	-1	-1
7	6	1999	25	8.9	341	0	-1	-1
7	7	1999	30	3.9	374	0	-1	-1
7	8	1999	30	6.7	370	1.015	-1	-1
7	9	1999	26.1	8.9	336	0.254	-1	-1
7	10	1999	28.9	9.4	335	0	-1	-1
7	11	1999	36.1	8.3	351	0	-1	-1
7	12	1999	36.1	13.3	322	0	-1	-1
7	13	1999	26.1	11.1	293	0	-1	-1
7	14	1999	21.7	11.1	314	0	-1	-1
7	15	1999	20.6	10.6	271	0	-1	-1
7	16	1999	20.6	7.8	296	0	-1	-1
7	17	1999	21.7	8.3	272	0	-1	-1
7	18	1999	21.1	10.6	304	0	-1	-1
7	19	1999	18.9	11.7	203	0	-1	-1
7	20	1999	26.7	11.7	239	0	-1	-1
7	21	1999	21.7	7.8	307	0	-1	-1
7	22	1999	22.2	6.1	301	0	-1	-1
7	23	1999	20.6	11.7	289	0	-1	-1
7	24	1999	25	8.9	332	0	-1	-1
7	25	1999	25.6	7.8	327	0	-1	-1
7	26	1999	22.8	11.1	286	0	-1	-1
7	27	1999	20	10.6	210	0	-1	-1
7	28	1999	20.6	9.4	294	0	-1	-1
7	29	1999	23.9	7.2	316	0	-1	-1
7	30	1999	22.8	5.6	339	0	-1	-1
7	31	1999	22.2	6.7	308	0	-1	-1
8	1	1999	24.4	6.7	313	0	-1	-1
8	2	1999	26.1	8.3	330	0	-1	-1
8	3	1999	27.2	11.1	309	0	-1	-1
8	4	1999	26.1	10	317	0	-1	-1
8	5	1999	22.8	10	186	0	-1	-1
8	6	1999	21.7	11.7	256	0	-1	-1
8	7	1999	21.7	10.6	220	0	-1	-1
8	8	1999	22.8	10	278	0	-1	-1
8	9	1999	23.3	11.1	239	0	-1	-1
8	10	1999	17.8	13.3	72	0	-1	-1
8	11	1999	21.1	10	155	0	-1	-1
8	12	1999	25	8.3	282	0	-1	-1
8	13	1999	26.7	5.6	318	0	-1	-1
8	14	1999	26.7	6.7	325	0	-1	-1
8	15	1999	26.1	7.2	318	0.254	-1	-1
8	16	1999	26.7	10	298	0	-1	-1
8	17	1999	22.8	11.7	281	0.254	-1	-1
8	18	1999	23.3	9.4	244	0.254	-1	-1
8	19	1999	30	6.7	313	0.254	-1	-1
8	20	1999	27.8	7.8	289	1.269	-1	-1
8	21	1999	31.7	8.3	306	0	-1	-1
8	22	1999	35	10	310	0	-1	-1
8	23	1999	25	10.6	297	0	-1	-1
8	24	1999	31.7	10.6	284	0	-1	2
8	25	1999	37.8	10	307	0	53.35	2
8	26	1999	33.9	11.7	201	0	60.45	1
8	27	1999	24.4	14.4	266	0	71.05	3
8	28	1999	27.8	12.2	260	0	73.25	2
8	29	1999	24.4	10	256	0	78.3	2
8	30	1999	23.9	11.7	292	0.254	68	4
8	31	1999	23.9	8.9	291	0	57	3
9	1	1999	25.6	7.2	280	0.254	61.35	2
9	2	1999	26.1	7.8	276	0.254	69.2	2
9	3	1999	25	10.6	230	0	73.75	2
9	4	1999	24.4	10	242	0	70.5	2
9	5	1999	31.7	8.9	262	0	65.3	2
9	6	1999	31.1	7.8	272	0	65.1	1
9	7	1999	26.1	8.9	270	0.254	73.1	2
9	8	1999	22.8	12.8	224	0.761	77.25	3
9	9	1999	19.4	11.7	226	1.015	83.75	3
9	10	1999	23.3	13.9	217	0.254	76.65	2
9	11	1999	22.2	12.8	170	0	81.8	2
9	12	1999	25.6	12.8	234	0	73.25	2
9	13	1999	21.7	12.2	228	0	77.5	3
9	14	1999	18.3	11.7	177	0.254	86.45	3
9	15	1999	26.1	10.6	211	0.254	74.7	2
9	16	1999	25.6	10	219	2.792	70.65	2
9	17	1999	21.7	8.9	201	0.761	80.2	2
9	18	1999	22.2	10	197	1.015	78.85	2
9	19	1999	20.6	12.8	164	0.254	78.05	2
9	20	1999	23.3	11.1	221	0.254	76.95	2
9	21	1999	27.8	7.2	215	0	-1	2
9	22	1999	28.9	11.7	139	0.254	76.3	2
9	23	1999	26.7	11.7	201	0.254	73.55	2
9	24	1999	25	10.6	210	0.761	75.3	2
9	25	1999	31.7	8.3	236	0.254	65.45	1
9	26	1999	35	9.4	239	0.508	58.5	1
9	27	1999	33.9	8.9	237	0.508	52.6	2
9	28	1999	33.9	7.2	238	0.761	45.3	2
9	29	1999	34.4	7.8	227	0.508	46.65	1
9	30	1999	33.9	8.9	222	0.254	54.55	1
10	1	1999	27.2	11.1	203	0.761	67.35	2
10	2	1999	21.7	11.1	185	0.254	75.7	2
10	3	1999	21.7	11.1	194	0	72.9	2
10	4	1999	19.4	10	169	0.254	73.4	2
10	5	1999	21.1	6.7	141	0.508	76.95	2
10	6	1999	20	11.1	112	0.254	83.3	2
10	7	1999	27.8	8.9	213	1.269	62.2	2
10	8	1999	33.3	7.2	210	0.254	58.35	1
10	9	1999	32.2	6.7	209	2.031	59.55	1
10	10	1999	31.7	7.2	203	1.523	61	2
10	11	1999	27.8	7.2	201	2.031	65.45	2
10	12	1999	33.3	8.9	190	1.015	61.1	1
10	13	1999	28.9	7.8	159	0.254	68.05	2
10	14	1999	27.8	8.9	191	0.508	67.8	2
10	15	1999	28.9	6.1	192	2.538	63.1	2
10	16	1999	31.1	8.3	185	0.761	32.7	2
10	17	1999	28.9	5	151	0.508	56.4	2
10	18	1999	25.6	7.2	164	0.508	63.55	2
10	19	1999	27.8	6.7	154	0.508	63.55	1
10	20	1999	29.4	3.9	171	0.508	60.95	1
10	21	1999	28.9	4.4	171	3.046	58.65	1
10	22	1999	26.1	5	156	1.523	65.5	2
10	23	1999	17.8	6.1	144	0	79.35	2
10	24	1999	22.2	3.9	163	1.269	72.65	1
10	25	1999	22.2	8.3	157	3.553	73.15	2
10	26	1999	19.4	8.9	114	0	85.25	2
10	27	1999	17.8	11.1	41	0	88.75	2
10	28	1999	18.3	5	126	0	78.5	3
10	29	1999	22.2	2.8	170	0	66.2	1
10	30	1999	22.2	3.3	164	0	72.4	2
10	31	1999	26.7	5	164	0	66.8	1
11	1	1999	26.7	5	160	0	66.1	1
11	2	1999	23.3	4.4	156	0	72.2	2
11	3	1999	18.3	6.1	97	0	83.75	1
11	4	1999	25	5	150	0	74.65	2
11	5	1999	23.3	5.6	149	0	75.9	2
11	6	1999	19.4	11.1	121	0	76.5	2
11	7	1999	18.3	12.2	34	0	79.35	4
11	8	1999	17.8	6.7	148	0	-1	1
11	9	1999	17.2	2.8	104	0	79.55	1
11	10	1999	16.1	10	26	0	86.3	2
11	11	1999	22.2	8.3	134	0	76.25	2
11	12	1999	20	6.7	113	0	82.7	1
11	13	1999	23.3	4.4	137	0	75.9	1
11	14	1999	14.4	5.6	48	0	91.05	1
11	15	1999	19.4	7.8	65	0	83.95	2
11	16	1999	15.6	7.2	34	0	91.75	2
11	17	1999	15	3.3	103	0	80.2	1
11	18	1999	15.6	8.9	108	0	81.85	2
11	19	1999	15	7.2	26	0	86.55	3
11	20	1999	15.6	7.2	87	0	85	2
11	21	1999	15.6	4.4	140	0	70.85	2
11	22	1999	15.6	0	124	0	69.8	1
11	23	1999	16.1	1.1	106	0	76.1	1
11	24	1999	16.1	0.6	115	0	84.2	1
11	25	1999	18.3	3.3	122	0	79.6	1
11	26	1999	16.7	7.8	73	0	90.15	1
11	27	1999	18.3	7.2	63	0	82.65	1
11	28	1999	14.4	8.9	52	0	90.4	2
11	29	1999	13.9	10	19	0	88.85	3
11	30	1999	15	6.1	72	0	83.4	2
12	1	1999	15	2.2	117	0	75.9	1
12	2	1999	15.6	2.2	98	0	73.6	2
12	3	1999	16.7	1.1	119	0	63.7	2
12	4	1999	14.4	-2.2	119	0	74.15	1
12	5	1999	15	-0.6	93	0	76.95	1
12	6	1999	13.3	1.7	61	0	87.25	2
12	7	1999	14.4	1.7	118	0	74.05	2
12	8	1999	12.2	-2.2	84	0	76.8	1
12	9	1999	12.2	2.2	72	9.645	85.25	2
12	10	1999	13.3	0	121	0	74.1	2
12	11	1999	17.2	3.9	117	0	76.1	2
12	12	1999	13.9	1.1	95	0.254	81.55	1
12	13	1999	12.8	1.7	104	0.508	72.6	2
12	14	1999	15.6	1.7	112	0	68.85	2
12	15	1999	14.4	-0.6	166	0.254	70.9	1
12	16	1999	15.6	-2.8	114	0	76.65	1
12	17	1999	18.9	0	110	0	73.25	1
12	18	1999	17.2	2.2	97	0.254	83.6	1
12	19	1999	25.6	1.1	114	0.254	64	2
12	20	1999	18.9	5	115	0	71.25	2
12	21	1999	22.2	1.1	117	0	58.4	2
12	22	1999	21.1	2.8	118	0	51.25	2
12	23	1999	19.4	-1.7	110	0	63.75	1
12	24	1999	18.9	0	111	0	73	1
12	25	1999	16.1	-2.2	111	0.254	75.6	1
12	26	1999	15	-2.8	109	0.254	77.35	1
12	27	1999	16.1	-3.3	109	0	77.05	2
12	28	1999	18.9	-3.3	115	0.254	66.6	1
12	29	1999	17.2	-3.3	114	0	71.9	1
12	30	1999	15	-3.9	112	0.254	77.1	1
12	31	1999	12.2	-0.6	60	0	87.55	2
1	1	2000	12.2	1.7	65	0.254	84.35	2
1	2	2000	12.8	-1.7	104	0	76.6	2
1	3	2000	15.6	-1.1	115	0.254	71.75	1
1	4	2000	11.7	0.6	54	0.508	90.9	1
1	5	2000	17.2	-0.6	121	0.254	67.95	2
1	6	2000	13.3	-3.3	92	0	66.25	1
1	7	2000	14.4	-2.2	106	0.254	80.6	1
1	8	2000	15.6	3.3	85	0.508	87.5	1
1	9	2000	13.9	5	87	0	84.25	2
1	10	2000	13.9	8.9	48	5.838	91.25	2
1	11	2000	13.3	4.4	24	12.94	94.25	3
1	12	2000	11.7	3.3	55	0.254	84	1
1	13	2000	13.9	6.7	61	2.538	86.05	3
1	14	2000	15	8.9	44	1.777	89.4	1
1	15	2000	16.1	10	40	15.99	84.8	3
1	16	2000	14.4	3.3	109	4.822	74.55	2
1	17	2000	12.2	2.2	70	0.254	86.7	2
1	18	2000	13.9	8.3	46	8.629	93.9	3
1	19	2000	15.6	8.9	51	1.777	93.85	3
1	20	2000	14.4	6.1	99	0	83.3	1
1	21	2000	13.9	6.1	54	0.254	89.7	2
1	22	2000	13.9	3.9	72	1.777	88.3	2
1	23	2000	12.8	10	11	23.09	95.85	4
1	24	2000	12.8	10.6	27	28.68	97.25	1
1	25	2000	13.9	3.9	77	0.508	91.15	2
1	26	2000	15	1.7	130	0	83.1	1
1	27	2000	16.7	2.2	127	0	77.65	1
1	28	2000	15	-1.1	108	0	74.45	2
1	29	2000	15.6	2.2	138	0	72.95	2
1	30	2000	13.3	6.1	50	15.99	84.45	3
1	31	2000	10.6	6.7	38	4.061	93.85	3
2	1	2000	15.6	8.3	73	0	85.95	2
2	2	2000	17.8	7.2	148	0	83.7	3
2	3	2000	13.3	8.9	34	3.3	84.8	3
2	4	2000	13.9	7.2	74	0	83.85	2
2	5	2000	14.4	3.9	49	8.122	86.4	2
2	6	2000	17.8	4.4	129	0	83.6	2
2	7	2000	17.2	3.3	106	0	83.6	2
2	8	2000	17.2	3.9	106	0	87.45	2
2	9	2000	14.4	10	57	0.254	93	2
2	10	2000	14.4	5	59	12.69	87.25	2
2	11	2000	11.7	5.6	23	25.38	96.5	1
2	12	2000	12.2	5	48	6.853	92.85	2
2	13	2000	14.4	9.4	22	64.97	96	2
2	14	2000	15	8.9	87	19.79	82.6	2
2	15	2000	15	7.2	184	0	82.1	1
2	16	2000	12.2	3.3	70	5.076	91.95	1
2	17	2000	14.4	2.8	126	0	81.55	1
2	18	2000	17.2	1.7	159	0	82.25	1
2	19	2000	18.9	0.6	164	0.254	73.85	2
2	20	2000	15.6	9.4	46	16.49	83.45	2
2	21	2000	16.7	6.7	139	4.061	78.05	1
2	22	2000	12.2	6.7	15	26.14	87.6	1
2	23	2000	12.2	1.1	169	0.254	80.8	1
2	24	2000	10	-0.6	70	8.883	92.4	1
2	25	2000	13.3	6.7	104	0	82.25	2
2	26	2000	13.3	10	32	9.391	90	1
2	27	2000	13.3	6.1	138	5.33	84.15	1
2	28	2000	13.9	3.3	136	3.553	76.95	1
2	29	2000	14.4	3.3	156	13.19	83.65	1
3	1	2000	16.7	1.7	185	0	80	1
3	2	2000	15	6.1	125	6.853	81.5	1
3	3	2000	18.3	2.2	211	0	77.7	1
3	4	2000	14.4	4.4	75	13.45	89.3	1
3	5	2000	10.6	6.1	77	1.015	88.35	1
3	6	2000	13.3	2.8	90	0	81.65	1
3	7	2000	11.1	4.4	50	12.18	83.75	1
3	8	2000	10	0.6	60	16.49	88.1	1
3	9	2000	13.9	2.2	103	0.254	81.3	1
3	10	2000	15	0.6	126	0.508	79.75	1
3	11	2000	17.2	5	192	0.254	80.8	1
3	12	2000	18.3	3.9	226	0	77.5	1
3	13	2000	17.8	1.7	228	0	74.9	1
3	14	2000	22.8	5.6	215	0	80.85	1
3	15	2000	22.8	8.9	238	0	68.35	1
3	16	2000	20	8.3	236	0	65.75	0
3	17	2000	20	1.1	243	0	68.9	0
3	18	2000	21.1	6.1	241	0	65.75	1
3	19	2000	18.3	6.7	214	0	62.6	0
3	20	2000	19.4	2.8	256	0	46.2	0
3	21	2000	26.1	6.1	257	0	48.95	1
3	22	2000	21.1	2.2	248	0	63.85	0
3	23	2000	17.8	3.3	201	0.508	79.15	0
3	24	2000	18.3	1.1	227	1.015	71.3	1
3	25	2000	14.4	3.3	237	1.015	80.35	0
3	26	2000	15.6	2.8	231	0	83	0
3	27	2000	15.6	3.9	173	0	81.45	0
3	28	2000	15.6	2.2	193	0	79	0
3	29	2000	18.3	0	260	0.761	77.5	1
3	30	2000	22.8	1.1	271	0	59.4	1
3	31	2000	26.7	11.1	273	0.254	32.75	2
4	1	2000	31.7	8.3	262	0	47	2
4	2	2000	28.3	6.7	275	0.254	59.95	2
4	3	2000	25	5	274	0	72.3	2
4	4	2000	16.1	6.1	170	0.761	82.5	2
4	5	2000	16.1	7.8	201	0	84.7	2
4	6	2000	17.8	5.6	242	0.761	81.15	2
4	7	2000	22.2	5.6	247	0	81.9	2
4	8	2000	13.9	6.1	154	0	83.8	3
4	9	2000	16.1	3.9	282	0.508	78.55	3
4	10	2000	19.4	2.2	272	0	79.5	2
4	11	2000	22.2	7.8	230	0	81	2
4	12	2000	22.8	9.4	137	5.584	66.85	2
4	13	2000	17.2	9.4	234	1.777	82.25	3
4	14	2000	18.3	8.3	207	3.046	78.75	2
4	15	2000	15	8.3	100	0.254	82.35	2
4	16	2000	14.4	11.1	56	25.38	85.55	3
4	17	2000	16.1	4.4	248	7.107	73.7	2
4	18	2000	16.7	2.2	291	0	75.85	2
4	19	2000	17.8	1.7	255	0	74.5	2
4	20	2000	20.6	7.2	300	0.761	71.05	2
4	21	2000	18.9	6.7	279	0	83.85	3
4	22	2000	16.7	5	248	0.508	76.65	4
4	23	2000	16.7	2.8	304	0.761	73.3	3
4	24	2000	20	2.8	306	0	73.65	2
4	25	2000	17.2	2.8	290	0	80.7	2
4	26	2000	25	3.9	308	0.761	65.6	2
4	27	2000	16.1	5	265	0	79.85	4
4	28	2000	15.6	2.2	304	0.508	70.15	4
4	29	2000	20	1.7	314	0	66.8	2
4	30	2000	21.1	2.2	313	0.508	73.8	2
5	1	2000	20	2.2	262	0.508	73.35	3
5	2	2000	18.3	10.6	204	0	88.45	3
5	3	2000	18.9	8.9	294	0.508	81.65	3
5	4	2000	18.3	8.3	272	0.508	76.2	3
5	5	2000	16.1	5	268	0	77.65	3
5	6	2000	13.9	3.9	148	3.553	78.7	2
5	7	2000	15	9.4	81	7.868	93.7	3
5	8	2000	17.8	10.6	214	1.015	83.75	2
5	9	2000	17.2	8.3	274	0	83.25	4
5	10	2000	15	3.3	311	0	70.65	4
5	11	2000	16.7	1.7	330	0	70.55	3
5	12	2000	17.8	2.2	300	0.508	72	2
5	13	2000	18.9	6.7	236	0	75.4	2
5	14	2000	16.7	3.9	95	13.7	85	3
5	15	2000	17.2	7.2	214	3.807	78.3	2
5	16	2000	17.2	7.2	307	0	82.6	4
5	17	2000	21.1	7.2	328	0.508	76.5	2
5	18	2000	25	10	329	0	72.75	2
5	19	2000	26.7	8.3	330	1.269	71.3	2
5	20	2000	30	8.3	323	0	68.4	1
5	21	2000	32.8	8.9	338	0.508	65.9	1
5	22	2000	31.1	10.6	328	1.015	66	1
5	23	2000	31.7	13.3	262	0.254	65.6	2
5	24	2000	22.2	10	296	0	76.9	3
5	25	2000	21.1	7.8	327	0	71.5	3
5	26	2000	19.4	7.8	329	0	83.5	3
5	27	2000	21.1	11.1	338	0	80.3	3
5	28	2000	23.3	8.9	345	0.254	74.5	3
5	29	2000	20	5	348	1.015	73.3	2
5	30	2000	20.6	6.1	345	0	68.3	3
5	31	2000	25.6	3.9	354	0	61.8	2
6	1	2000	27.8	3.3	351	0	65.45	2
6	2	2000	19.4	8.3	285	0	80.3	3
6	3	2000	18.9	9.4	286	0.254	81.35	2
6	4	2000	17.8	8.9	276	0	82	3
6	5	2000	19.4	7.2	332	0	83.25	3
6	6	2000	21.1	5	343	0.508	79.4	3
6	7	2000	19.4	11.1	196	5.584	82	3
6	8	2000	20	9.4	235	0.508	82.1	4
6	9	2000	17.8	6.7	323	0	78.95	3
6	10	2000	20	6.1	342	0.761	75.45	3
6	11	2000	22.2	7.2	309	0	69.85	3
6	12	2000	25	11.1	309	0.508	74.3	3
6	13	2000	40.6	15	354	1.015	49	3
6	14	2000	41.7	17.8	355	0	44	2
6	15	2000	27.8	11.7	345	0.508	74.3	3
6	16	2000	23.9	11.7	323	0	80.1	3
6	17	2000	22.2	12.2	292	0.254	80.75	3
6	18	2000	19.4	11.7	152	0	84.1	3
6	19	2000	24.4	10	295	1.015	76.8	2
6	20	2000	27.8	9.4	337	0	74.35	2
6	21	2000	26.7	11.1	347	0.761	74.55	3
6	22	2000	24.4	8.9	319	0.254	78.65	2
6	23	2000	25	7.2	316	0.761	74.05	2
6	24	2000	22.8	9.4	324	0	77.95	2
6	25	2000	23.3	11.1	309	0.508	78.35	3
6	26	2000	23.9	11.1	308	0	77.35	3
6	27	2000	23.9	11.1	318	0	76.5	3
6	28	2000	22.8	11.7	293	0.761	80.4	3
6	29	2000	20.6	11.1	239	0	84.35	3
6	30	2000	18.3	10.6	335	1.269	82.1	2
7	1	2000	19.4	8.9	324	0	78.75	2
7	2	2000	19.4	8.3	320	0	80.4	2
7	3	2000	21.7	7.2	325	0	76.2	2
7	4	2000	23.9	6.1	343	0	73.5	2
7	5	2000	17.8	9.4	294	0	84.3	3
7	6	2000	19.4	6.7	272	0	81.95	2
7	7	2000	18.9	10.6	280	0	80.8	3
7	8	2000	23.3	10	276	1.015	78.35	2
7	9	2000	26.7	7.8	333	0	74.35	2
7	10	2000	25.6	11.1	304	0	74.95	2
7	11	2000	23.9	11.7	310	0	77.3	2
7	12	2000	21.1	12.2	248	0	79.3	2
7	13	2000	20.6	11.7	289	0	77.45	3
7	14	2000	23.9	10.6	305	0	75.15	2
7	15	2000	21.7	11.1	302	0	78.6	2
7	16	2000	17.2	11.7	136	0	86.3	3
7	17	2000	26.7	12.2	282	0	-1	3
7	18	2000	25	6.7	329	0	72.65	2
7	19	2000	26.7	6.7	345	0	70.45	2
7	20	2000	27.2	8.3	322	0	71.55	2
7	21	2000	24.4	10	306	0	77.8	2
7	22	2000	25	9.4	324	0	74.55	2
7	23	2000	30.6	7.8	348	0	64.7	2
7	24	2000	27.8	8.3	335	0	70.05	2
7	25	2000	27.8	8.9	323	0	67.95	2
7	26	2000	22.8	8.9	338	0	73.05	3
7	27	2000	26.7	7.8	314	0	69.9	2
7	28	2000	28.9	8.3	327	0	69.75	2
7	29	2000	28.3	9.4	316	0	73.85	2
7	30	2000	30	10	305	0	70.9	2
7	31	2000	33.9	10	317	0	64.95	1
8	1	2000	33.9	11.7	193	0	62.3	1
8	2	2000	33.3	10	311	0	62.45	2
8	3	2000	27.2	11.7	295	0	72.8	2
8	4	2000	25.6	11.1	296	0	73.85	2
8	5	2000	26.1	11.1	308	0	74.05	2
8	6	2000	26.7	11.1	310	0	71.6	2
8	7	2000	18.3	11.7	225	0	84.95	3
8	8	2000	20	11.7	225	0	82.25	3
8	9	2000	21.1	11.7	283	0	75	3
8	10	2000	21.1	9.4	249	0	79.05	3
8	11	2000	30.6	6.7	320	0	63.55	1
8	12	2000	30	7.8	322	0	64.3	2
8	13	2000	28.3	6.1	319	0	64.6	2
8	14	2000	30	7.8	320	0	61.65	2
8	15	2000	30	11.7	312	0.254	61.75	2
8	16	2000	31.7	8.3	315	0	58.95	2
8	17	2000	27.8	7.2	314	0	60.05	2
8	18	2000	25	6.7	314	0	65.1	2
8	19	2000	22.2	8.3	307	0	74.55	2
8	20	2000	26.1	6.1	302	0	68.05	2
8	21	2000	28.9	7.2	298	0	67.1	1
8	22	2000	21.7	9.4	257	0.254	80.5	2
8	23	2000	20	12.8	225	0	79.45	3
8	24	2000	28.9	11.1	273	0	69.2	2
8	25	2000	28.9	7.2	302	0	67.65	2
8	26	2000	26.7	11.1	269	0	71.55	2
8	27	2000	23.3	10.6	254	0.254	76.2	2
8	28	2000	25.6	11.1	269	0	73.15	2
8	29	2000	16.7	12.2	76	0	82.5	2
8	30	2000	17.2	13.3	48	0.508	87	1
8	31	2000	22.2	11.1	182	0	79.1	2
9	1	2000	18.3	13.3	84	4.569	80.9	2
9	2	2000	20.6	9.4	181	1.269	74.65	2
9	3	2000	20.6	6.7	281	0	76.45	3
9	4	2000	21.7	5	280	0.254	71.65	2
9	5	2000	25.6	9.4	274	0	65.35	2
9	6	2000	31.1	8.9	279	0	51.15	2
9	7	2000	32.2	7.2	277	0	54.55	1
9	8	2000	27.2	7.8	271	0.254	68.55	2
9	9	2000	26.1	6.1	267	0	70.05	1
9	10	2000	23.3	5.6	258	0	77.35	2
9	11	2000	30.6	8.3	254	0	64.4	2
9	12	2000	31.1	6.7	205	0	64.2	2
9	13	2000	28.3	15	131	0.254	57.85	1
9	14	2000	23.9	13.9	240	0	79.45	3
9	15	2000	21.7	12.2	238	0	81.95	3
9	16	2000	28.3	11.1	233	0	71.75	2
9	17	2000	34.4	9.4	254	0	62.15	1
9	18	2000	36.1	10.6	248	0	54.95	1
9	19	2000	36.7	10.6	246	0.254	55.55	1
9	20	2000	31.7	11.7	235	0	62.65	2
9	21	2000	19.4	14.4	67	0.508	84.5	2
9	22	2000	20.6	8.9	106	0.508	78.7	1
9	23	2000	24.4	7.2	234	0	73.9	2
9	24	2000	28.3	8.9	222	0	66.05	1
9	25	2000	30	6.1	234	0	65.2	1
9	26	2000	23.3	11.1	212	0	76.9	2
9	27	2000	20	13.3	175	0.508	81.5	3
9	28	2000	22.2	8.3	163	0	75.15	1
9	29	2000	28.3	7.2	211	0.508	67.6	1
9	30	2000	32.2	8.9	218	0.254	62.35	1
10	1	2000	27.2	10	218	0	72.6	2
10	2	2000	23.9	6.7	216	0.254	72.8	2
10	3	2000	22.2	6.1	199	0	76.8	2
10	4	2000	22.8	11.1	180	0	74.1	2
10	5	2000	21.1	10.6	158	0	79	2
10	6	2000	18.9	10	157	0	82.95	2
10	7	2000	17.2	11.1	145	0	83.35	2
10	8	2000	22.8	10.6	195	0	70.05	2
10	9	2000	18.3	10	87	1.015	86.1	2
10	10	2000	16.7	6.1	88	1.269	80.2	2
10	11	2000	16.7	5	72	0	84.45	1
10	12	2000	19.4	5.6	159	0	75.1	1
10	13	2000	21.1	3.3	192	0	71.95	1
10	14	2000	21.7	4.4	197	0	76.1	2
10	15	2000	22.2	6.1	151	0	72	1
10	16	2000	27.2	3.3	192	0	65.85	1
10	17	2000	24.4	8.9	246	0	70.15	2
10	18	2000	23.3	5.6	180	0	68.35	2
10	19	2000	25	9.4	162	0.254	74	1
10	20	2000	19.4	6.1	106	0	87.05	2
10	21	2000	23.9	7.2	186	1.269	53.45	4
10	22	2000	24.4	13.9	193	0	17.35	4
10	23	2000	25.6	6.1	179	0	40.55	2
10	24	2000	24.4	2.8	166	0	54.85	1
10	25	2000	16.1	12.2	49	13.95	84.45	3
10	26	2000	16.1	11.1	67	18.02	84.6	3
10	27	2000	19.4	6.7	158	0	74.85	2
10	28	2000	13.9	7.2	32	13.19	90.65	2
10	29	2000	16.1	5.6	131	3.553	78.25	2
10	30	2000	16.1	5.6	86	5.584	87	1
10	31	2000	21.1	3.9	158	0	70.8	2
11	1	2000	17.8	3.3	117	0	79	1
11	2	2000	21.7	6.7	155	0	74.35	1
11	3	2000	25	7.2	156	0	61.7	2
11	4	2000	19.4	3.3	146	0	75.8	2
11	5	2000	17.8	8.3	113	0	79.55	2
11	6	2000	21.1	6.1	157	0	55.55	3
11	7	2000	23.3	5	150	0	54.45	2
11	8	2000	16.7	2.8	123	0	81	3
11	9	2000	13.3	1.1	126	0	75.6	2
11	10	2000	13.3	-3.3	135	0	70.45	1
11	11	2000	14.4	-3.3	123	0	73.3	1
11	12	2000	15.6	-4.4	138	0	65.75	1
11	13	2000	10	-4.4	51	6.599	93.05	1
11	14	2000	12.8	0	112	0.254	81.7	1
11	15	2000	12.8	7.2	35	3.553	84.15	1
11	16	2000	15	0.6	136	0	75.05	1
11	17	2000	17.2	-3.3	139	0	66.9	1
11	18	2000	16.1	-3.3	137	0	71.6	1
11	19	2000	16.7	-1.1	123	0	70.35	1
11	20	2000	16.1	-2.2	127	0	74.05	2
11	21	2000	10	3.3	23	9.391	96.9	1
11	22	2000	15	3.9	97	0	83.7	1
11	23	2000	11.7	5.6	46	0.254	91.5	1
11	24	2000	13.3	6.7	73	0	89.45	2
11	25	2000	11.7	6.7	55	0.254	94.35	1
11	26	2000	13.9	2.8	83	0	89	2
11	27	2000	10.6	3.3	46	0	93.75	2
11	28	2000	11.1	7.8	34	0	92.45	3
11	29	2000	15.6	3.9	96	7.36	80.9	3
11	30	2000	16.1	3.3	92	0	81.25	1
12	1	2000	15	2.2	99	0.254	81.7	1
12	2	2000	15	-1.1	122	0	83.4	1
12	3	2000	12.8	-0.6	93	0	88.65	3
12	4	2000	13.9	0.6	87	0	85.6	1
12	5	2000	12.8	0	92	0	85.4	2
12	6	2000	10	2.2	74	0	90.95	2
12	7	2000	16.7	5.6	83	0	76.7	1
12	8	2000	17.8	5	109	0	78.15	1
12	9	2000	12.8	9.4	31	0	90.75	1
12	10	2000	13.9	1.1	41	0	82.45	1
12	11	2000	11.1	4.4	36	6.345	90.1	2
12	12	2000	13.9	3.9	99	0	83.85	1
12	13	2000	12.8	6.1	33	3.046	94.25	2
12	14	2000	12.8	7.8	25	11.16	93.4	2
12	15	2000	16.1	5.6	116	0	78.85	2
12	16	2000	15	1.7	112	0	78.65	2
12	17	2000	17.8	-1.1	115	0	69.35	1
12	18	2000	15.6	-1.1	116	0	63.85	3
12	19	2000	16.7	2.2	167	0	70.4	2
12	20	2000	14.4	0.6	86	0	76.6	1
12	21	2000	13.9	-1.1	49	0.508	89.55	1
12	22	2000	13.9	3.3	60	1.523	87.35	1
12	23	2000	12.2	3.3	50	0.254	89.75	1
12	24	2000	14.4	3.3	99	0	81.35	1
12	25	2000	13.9	-1.1	98	0	73.35	1
12	26	2000	15.6	-2.2	114	0	74.65	2
12	27	2000	14.4	-0.6	105	0	75.6	2
12	28	2000	15.6	-3.3	118	0	70.15	1
12	29	2000	15.6	-3.9	102	0	74.75	1
12	30	2000	15.6	-2.8	118	0	74.8	1
12	31	2000	15.6	0.6	92	0	80.65	1
1	1	2001	15	-0.6	115	0	81	2
1	2	2001	15.6	-2.2	113	0	79.85	2
1	3	2001	16.1	-1.7	118	0	73.75	1
1	4	2001	15	-2.2	122	0	78.9	1
1	5	2001	17.2	-3.3	123	0	73.45	1
1	6	2001	14.4	-2.2	113	0	79.55	2
1	7	2001	11.7	1.7	45	2.792	87.25	3
1	8	2001	13.9	2.2	77	8.883	80.8	2
1	9	2001	9.4	-1.1	34	2.031	94.6	2
1	10	2001	12.8	7.2	30	18.52	86.6	4
1	11	2001	8.9	6.1	17	21.06	86.75	4
1	12	2001	13.3	1.7	126	0	76.8	2
1	13	2001	12.2	1.7	120	0	81.55	2
1	14	2001	12.2	0	126	0	79.5	2
1	15	2001	13.9	-0.6	137	0	59.25	3
1	16	2001	13.3	-1.1	194	0	51.35	2
1	17	2001	13.9	-4.4	139	0	64.05	2
1	18	2001	12.2	-3.9	103	0	74	1
1	19	2001	15.6	-0.6	121	0	70.5	1
1	20	2001	11.7	-0.6	73	0	80.55	2
1	21	2001	11.7	-1.1	74	0	82.95	2
1	22	2001	17.2	-2.8	130	0	73.35	1
1	23	2001	10.6	3.9	18	14.46	89.7	3
1	24	2001	12.2	-0.6	126	0	79.15	2
1	25	2001	8.9	-0.6	15	20.05	92.35	3
1	26	2001	10.6	0.6	66	17.51	89.6	2
1	27	2001	15	-0.6	146	0	72.05	2
1	28	2001	13.9	-2.8	135	0	72.75	1
1	29	2001	13.9	1.1	148	2.031	74.75	2
1	30	2001	14.4	-3.3	130	0	68.2	1
1	31	2001	17.2	-3.9	154	0	65.1	1
2	1	2001	15	-2.8	140	0	73.15	1
2	2	2001	15	0.6	85	0	71.6	1
2	3	2001	20.6	0.6	148	0	72.15	1
2	4	2001	23.3	2.2	155	0	76.15	1
2	5	2001	18.9	2.8	152	0.254	78.65	1
2	6	2001	12.8	1.7	164	0	66.65	4
2	7	2001	15	-1.1	171	0	47.95	3
2	8	2001	14.4	-3.3	155	0	59.05	2
2	9	2001	10.6	4.4	62	12.69	85.35	2
2	10	2001	11.1	4.4	132	6.091	78.3	2
2	11	2001	10	1.1	123	9.899	79.25	2
2	12	2001	6.7	-0.6	37	10.4	87.7	2
2	13	2001	17.8	-1.1	143	0	62.75	2
2	14	2001	13.9	-2.8	171	0	75.15	1
2	15	2001	12.8	3.9	159	0	81.5	2
2	16	2001	13.9	3.9	105	0	74.85	3
2	17	2001	12.8	6.7	35	7.614	78.5	3
2	18	2001	13.3	8.3	61	2.284	89.7	2
2	19	2001	12.8	8.3	58	15.22	85.55	3
2	20	2001	13.3	8.9	55	7.36	82.5	3
2	21	2001	15	4.4	168	12.69	76.6	2
2	22	2001	11.7	5	130	13.95	77.3	3
2	23	2001	12.8	2.2	179	1.777	75.35	2
2	24	2001	12.8	5	70	15.99	83.25	4
2	25	2001	15	3.3	150	13.45	77.5	2
2	26	2001	18.3	2.2	164	0	71.35	2
2	27	2001	21.7	1.7	212	0	58.75	2
2	28	2001	18.9	0.6	211	0	58	2
3	1	2001	13.3	-1.7	108	1.777	78	1
3	2	2001	13.9	1.1	127	1.523	77.25	2
3	3	2001	11.7	-1.1	87	3.3	87.15	3
3	4	2001	13.9	6.7	24	35.02	89.7	4
3	5	2001	16.1	6.7	155	1.015	78.45	3
3	6	2001	17.8	6.7	161	0	79.95	2
3	7	2001	17.8	6.7	183	0	84.75	2
3	8	2001	15.6	1.7	193	0	83.6	2
3	9	2001	15.6	2.2	208	0	77	3
3	10	2001	17.2	2.8	232	0	71.1	3
3	11	2001	18.9	0	202	0	78.9	1
3	12	2001	20	2.2	231	0	74.7	2
3	13	2001	15	7.2	106	0	84.55	2
3	14	2001	20	1.7	241	0	72.25	2
3	15	2001	16.7	1.7	156	0	77.3	2
3	16	2001	16.1	2.8	235	0.254	76.5	2
3	17	2001	22.8	4.4	236	0	76.5	2
3	18	2001	23.9	2.8	249	0	75.75	2
3	19	2001	24.4	4.4	212	0	78.5	1
3	20	2001	26.1	7.8	229	0	76.65	1
3	21	2001	18.3	6.7	183	0	88.55	2
3	22	2001	17.2	10	159	0	78.65	2
3	23	2001	17.2	7.8	193	0	78.4	2
3	24	2001	16.7	8.3	116	1.777	86.05	2
3	25	2001	17.2	5	230	0.508	80	2
3	26	2001	17.2	3.3	267	0	77.2	3
3	27	2001	19.4	3.9	246	0	72.95	3
3	28	2001	18.9	8.3	268	0	84.2	3
3	29	2001	18.3	6.1	275	0.254	81.5	2
3	30	2001	25.6	3.9	271	0.254	71.15	2
3	31	2001	22.8	6.1	280	0	74.95	3
4	1	2001	16.1	3.9	277	0	80.15	3
4	2	2001	13.3	0.6	243	0	68.3	3
4	3	2001	12.8	-2.8	291	0	67.95	2
4	4	2001	16.1	-1.1	242	0	68.85	2
4	5	2001	17.2	0	289	0	74.95	2
4	6	2001	12.2	6.1	99	7.614	82.4	3
4	7	2001	14.4	1.7	259	0.508	70.35	3
4	8	2001	12.8	-0.6	213	0	75.4	2
4	9	2001	16.1	0.6	265	0	72.35	3
4	10	2001	15.6	3.9	291	0	70.6	4
4	11	2001	14.4	3.3	247	0	76	4
4	12	2001	16.7	0	285	0	71.9	2
4	13	2001	13.3	1.1	257	0.254	76.7	3
4	14	2001	16.7	-0.6	285	0	73.9	2
4	15	2001	15	0	298	0	77.3	2
4	16	2001	18.3	-0.6	242	1.015	-1	3
4	17	2001	20.6	6.1	291	0	72.8	2
4	18	2001	17.2	3.9	183	0.254	75.05	2
4	19	2001	13.9	3.9	249	0	78.8	3
4	20	2001	11.7	1.1	97	15.48	81.05	2
4	21	2001	17.2	1.1	317	0	78.65	2
4	22	2001	18.9	2.2	300	0	81.15	2
4	23	2001	22.8	2.2	309	0	73.9	1
4	24	2001	25.6	4.4	315	0	72.85	2
4	25	2001	26.1	7.2	310	0	74.05	2
4	26	2001	15.6	7.8	257	0	89.8	3
4	27	2001	15	7.8	225	0	88	3
4	28	2001	16.1	5.6	268	0	73.95	4
4	29	2001	18.3	3.9	321	0	70.5	2
4	30	2001	21.1	4.4	323	0	80.9	2
5	1	2001	21.7	6.7	332	0	71.95	3
5	2	2001	23.9	6.1	344	0	44.1	4
5	3	2001	27.2	6.1	344	0	46.45	3
5	4	2001	27.8	2.8	331	0	57.75	2
5	5	2001	25	5	332	0.254	65.5	2
5	6	2001	28.9	3.9	335	0	57.6	2
5	7	2001	31.7	5.6	336	0	60.95	2
5	8	2001	32.2	6.7	336	0.254	62.2	2
5	9	2001	23.3	5	337	0.508	71.75	2
5	10	2001	27.8	5	332	0	65.65	2
5	11	2001	25.6	6.1	326	0.254	70.4	2
5	12	2001	17.8	10.6	242	0	79.25	3
5	13	2001	16.7	6.7	274	0	81.55	3
5	14	2001	17.8	5.6	293	0	78.5	3
5	15	2001	19.4	12.2	365	0	86.25	3
5	16	2001	22.8	8.3	334	0	74.7	3
5	17	2001	24.4	5.6	339	0	73.15	2
5	18	2001	25	7.2	339	0	66.35	2
5	19	2001	27.8	6.7	341	0	70.8	2
5	20	2001	27.8	9.4	315	0	69.1	2
5	21	2001	30.6	8.9	342	0	69.95	2
5	22	2001	23.3	10.6	325	0	78.05	3
5	23	2001	21.7	9.4	325	0	80.6	3
5	24	2001	22.8	8.9	331	0	74.8	2
5	25	2001	17.2	8.9	253	0	84.8	3
5	26	2001	15	8.9	193	0	89.3	3
5	27	2001	14.4	7.2	187	0	82.5	3
5	28	2001	20.6	3.9	347	0	75.15	3
5	29	2001	25.6	5	351	0	65.1	2
5	30	2001	35	7.2	352	0.508	58.8	1
5	31	2001	35.6	10.6	356	0	56.25	2
6	1	2001	21.7	8.3	325	0	-1	3
6	2	2001	20.6	6.7	357	0	71.65	3
6	3	2001	22.2	7.2	360	0	59.95	3
6	4	2001	23.9	6.1	357	0	66.25	2
6	5	2001	23.9	6.1	344	0	68.3	3
6	6	2001	26.1	7.8	354	0	61.6	3
6	7	2001	30	9.4	357	0	55.35	2
6	8	2001	21.7	9.4	358	0	73	3
6	9	2001	23.3	7.8	362	0	74.4	2
6	10	2001	22.2	6.1	353	0	69.95	3
6	11	2001	22.2	10	295	0	72.55	3
6	12	2001	25	10	362	0	66.35	3
6	13	2001	30	8.9	369	0	44.6	2
6	14	2001	31.7	10	323	0	55.75	2
6	15	2001	29.4	7.8	363	0.254	63.85	2
6	16	2001	30.6	7.2	361	0	61.9	2
6	17	2001	29.4	7.2	347	0	58.35	2
6	18	2001	31.7	7.8	360	0.254	53	2
6	19	2001	31.1	8.9	359	0.508	50.85	2
6	20	2001	34.4	9.4	359	1.523	56.8	2
6	21	2001	27.8	11.1	323	0	57.45	3
6	22	2001	28.3	9.4	356	0	63.85	2
6	23	2001	22.2	6.1	307	0	74.4	2
6	24	2001	20.6	6.7	302	0	71.6	2
6	25	2001	19.4	10	156	0	73.1	2
6	26	2001	21.7	9.4	193	0	69.95	2
6	27	2001	18.3	14.4	62	0.508	83.95	2
6	28	2001	21.7	10.6	323	0	76.85	2
6	29	2001	26.7	8.3	348	0.254	71.2	2
6	30	2001	28.3	10	354	0	62.85	2
7	1	2001	28.9	7.2	363	0	61.05	2
7	2	2001	35	7.8	355	0	58.6	2
7	3	2001	37.2	12.8	335	0	53.6	2
7	4	2001	31.7	12.2	286	0	60.5	2
7	5	2001	27.2	11.1	299	0	74.5	2
7	6	2001	26.7	7.2	353	0	71.4	2
7	7	2001	28.9	9.4	338	0	66.6	2
7	8	2001	26.1	10.6	328	0	70.1	3
7	9	2001	21.1	11.7	300	0	79.15	3
7	10	2001	21.7	12.2	270	0	75.3	3
7	11	2001	18.9	12.8	274	0	75.65	3
7	12	2001	21.7	12.2	285	0	79.7	3
7	13	2001	25.6	11.1	302	0	76	2
7	14	2001	21.1	8.9	328	0	77.25	2
7	15	2001	24.4	8.9	307	0	74.65	2
7	16	2001	18.3	8.3	320	0	80.5	2
7	17	2001	22.2	8.3	320	0	73.6	2
7	18	2001	26.1	7.2	339	0	71.05	2
7	19	2001	20	11.7	310	0	81.25	3
7	20	2001	21.7	10	304	0	76.8	2
7	21	2001	21.7	8.9	312	0	76.95	2
7	22	2001	26.1	7.8	333	0	71.9	2
7	23	2001	25.6	11.1	309	0	74.65	2
7	24	2001	25	10.6	300	0	75.95	2
7	25	2001	24.4	12.8	315	0	75.2	3
7	26	2001	22.8	11.1	259	0	80.05	2
7	27	2001	23.9	10.6	299	0	76.35	2
7	28	2001	27.2	10.6	307	0	70.45	2
7	29	2001	25	8.3	333	0	73.25	2
7	30	2001	21.1	11.7	314	0	80.05	3
7	31	2001	25	10	299	0	75.95	2
8	1	2001	24.4	7.8	328	0	74.55	2
8	2	2001	25	9.4	308	0	74.7	2
8	3	2001	21.7	11.1	278	0	81.3	3
8	4	2001	22.2	12.2	295	0	81	3
8	5	2001	22.8	10.6	325	0	77.8	3
8	6	2001	28.3	9.4	331	0	69.3	2
8	7	2001	30	8.9	301	0	69.2	2
8	8	2001	30	11.1	313	0	67.35	2
8	9	2001	23.9	12.8	279	0	75.6	3
8	10	2001	22.2	10	293	0	74.25	3
8	11	2001	21.1	9.4	271	0	79.05	3
8	12	2001	20	11.1	248	0	79.15	3
8	13	2001	20	11.1	296	0	78.05	3
8	14	2001	27.2	11.7	274	0	72.25	2
8	15	2001	27.2	9.4	277	0	70.95	2
8	16	2001	28.3	7.8	308	0	68.7	2
8	17	2001	29.4	8.3	301	0	65.95	2
8	18	2001	28.3	7.2	310	0	66.7	2
8	19	2001	27.8	7.2	303	0	67.75	2
8	20	2001	20.6	10	249	0	75.75	2
8	21	2001	23.3	6.7	297	0	74.4	2
8	22	2001	22.8	12.2	278	0	76.85	3
8	23	2001	24.4	12.8	276	0	79.35	3
8	24	2001	26.7	11.7	277	0	72.15	2
8	25	2001	28.9	8.3	298	0	64.95	2
8	26	2001	31.1	8.3	293	0	64.35	2
8	27	2001	31.1	9.4	296	0	59.65	2
8	28	2001	29.4	10	292	0	58.65	2
8	29	2001	27.8	9.4	283	0	70.5	2
8	30	2001	23.3	12.8	227	0	75.55	2
8	31	2001	26.7	11.1	266	0	71.95	2
9	1	2001	25.6	11.1	261	0	73.25	2
9	2	2001	27.8	8.3	283	0	68.95	2
9	3	2001	30.6	7.8	284	0	56.25	2
9	4	2001	26.7	8.3	271	0	69.3	2
9	5	2001	25	8.9	278	0	67.05	2
9	6	2001	30.6	5.6	277	0	59.7	1
9	7	2001	30	6.1	276	0	62.15	2
9	8	2001	23.9	10.6	242	0	73.85	2
9	9	2001	21.7	10	191	0	75.15	2
9	10	2001	24.4	8.9	248	0	72.3	2
9	11	2001	22.8	9.4	247	0	72.95	2
9	12	2001	15	11.1	75	0	90.5	3
9	13	2001	23.3	11.1	201	0	76.15	2
9	14	2001	29.4	10	237	0	70.45	2
9	15	2001	22.8	10.6	218	0	76.9	2
9	16	2001	18.9	11.1	195	0	82.45	2
9	17	2001	22.8	10.6	211	0	76.4	3
9	18	2001	21.7	10.6	197	0	79.25	2
9	19	2001	25.6	10	210	0	73.15	2
9	20	2001	22.2	11.1	215	0	78.2	3
9	21	2001	22.8	10	194	0	76.15	2
9	22	2001	26.7	9.4	194	0	71.1	2
9	23	2001	21.1	10.6	197	0	78.45	2
9	24	2001	21.7	12.2	134	0	77.9	2
9	25	2001	23.3	10.6	214	0	75.3	2
9	26	2001	25.6	9.4	228	0	72.85	2
9	27	2001	21.1	9.4	199	0	74.25	2
9	28	2001	23.3	7.2	228	0	62	2
9	29	2001	27.8	6.1	230	0	58.35	2
9	30	2001	33.3	6.7	224	0	58.6	2
10	1	2001	32.2	11.1	219	0	63.05	2
10	2	2001	26.1	10.6	205	0	72.25	2
10	3	2001	29.4	10	206	0	67.3	2
10	4	2001	16.7	13.3	55	0	84.35	3
10	5	2001	19.4	8.3	167	0	79.8	2
10	6	2001	21.7	6.1	189	0	78.65	1
10	7	2001	20	8.9	120	0	79.3	2
10	8	2001	23.3	8.3	183	0	67.35	1
10	9	2001	26.1	5	210	0	58.45	2
10	10	2001	27.8	4.4	204	0	59.3	1
10	11	2001	27.2	10	167	0	63.75	2
10	12	2001	34.4	8.9	204	0	44.65	2
10	13	2001	31.1	6.1	205	0	49.2	1
10	14	2001	33.3	7.2	186	0	48.6	1
10	15	2001	29.4	8.3	175	0	58.95	2
10	16	2001	18.3	8.9	107	0	81.05	2
10	17	2001	22.2	7.8	156	0	72	2
10	18	2001	26.7	5	186	0	67.4	1
10	19	2001	26.7	4.4	128	0	63.55	1
10	20	2001	18.9	8.9	146	0	80	2
10	21	2001	15	9.4	93	0	84.8	2
10	22	2001	22.2	8.9	162	0	72.85	2
10	23	2001	23.3	9.4	179	0	69.75	2
10	24	2001	26.7	3.3	172	0	51.15	1
10	25	2001	26.1	8.3	243	0	52.95	1
10	26	2001	22.8	8.3	145	0	66.7	2
10	27	2001	16.7	8.3	65	0	84.2	2
10	28	2001	18.3	8.3	81	0	80.65	1
10	29	2001	18.3	12.8	57	0.254	76.55	2
10	30	2001	17.8	10.6	79	14.97	89.6	2
10	31	2001	20	8.3	138	0	77.75	1
11	1	2001	21.7	6.7	134	0.254	74.25	1
11	2	2001	21.7	6.7	145	0	75.6	1
11	3	2001	23.9	5	151	0	71.5	1
11	4	2001	24.4	5.6	155	0.254	72.45	2
11	5	2001	22.8	3.3	135	0.254	71.7	1
11	6	2001	17.8	3.9	131	0	77.45	2
11	7	2001	22.8	1.7	155	0	65.4	1
11	8	2001	23.9	0.6	147	0	64.4	2
11	9	2001	23.3	4.4	139	0	65.65	2
11	10	2001	17.8	4.4	65	17.51	82	2
11	11	2001	17.8	13.3	51	3.046	88.85	3
11	12	2001	16.1	10.6	30	40.35	91.25	2
11	13	2001	15.6	8.3	52	2.538	90.8	2
11	14	2001	17.2	9.4	56	2.284	90.75	2
11	15	2001	18.3	11.1	106	0	87	1
11	16	2001	16.1	11.7	35	2.792	93.8	1
11	17	2001	17.2	4.4	139	0	82.65	1
11	18	2001	17.8	3.3	84	0.254	82.95	2
11	19	2001	17.2	10.6	63	1.015	84.75	2
11	20	2001	20	13.9	68	0	86.3	1
11	21	2001	15.6	13.9	21	39.34	95.6	2
11	22	2001	17.2	8.3	129	0	82.15	2
11	23	2001	13.9	7.2	58	0	80	2
11	24	2001	13.9	4.4	130	4.061	85.25	4
11	25	2001	12.8	1.7	69	0	83.85	1
11	26	2001	13.9	2.2	103	0	80.05	1
11	27	2001	15	-1.7	130	0	64.35	1
11	28	2001	12.2	6.7	28	41.62	79.45	3
11	29	2001	15	5	138	1.015	82.45	2
11	30	2001	13.9	0	99	1.523	79.8	1
12	1	2001	12.8	8.9	19	1.015	95.35	4
12	2	2001	15	6.1	109	5.584	79.6	4
12	3	2001	12.8	4.4	91	4.569	82.5	2
12	4	2001	12.2	0.6	90	0	79.5	2
12	5	2001	13.3	5	24	9.137	92.7	1
12	6	2001	17.8	8.9	97	0	89.3	2
12	7	2001	15.6	3.3	110	0.254	81.7	1
12	8	2001	13.3	1.7	75	0.508	91.15	2
12	9	2001	14.4	4.4	104	0.761	72.2	2
12	10	2001	15	2.8	120	0	66.65	4
12	11	2001	12.8	3.3	101	0	75.85	3
12	12	2001	13.3	0.6	98	0	83.45	1
12	13	2001	11.7	2.2	95	18.78	88	2
12	14	2001	12.2	3.9	108	4.315	70.3	4
12	15	2001	13.3	1.7	90	0	70.25	2
12	16	2001	11.1	5.6	43	1.777	81.65	2
12	17	2001	15	4.4	84	10.4	80.9	2
12	18	2001	12.8	0.6	76	0	82.7	1
12	19	2001	12.2	6.7	76	4.315	87.55	2
12	20	2001	10	7.2	27	24.87	89.7	4
12	21	2001	11.7	2.2	108	1.015	85.25	2
12	22	2001	11.7	8.3	37	17.51	90.1	2
12	23	2001	15	2.8	125	0	80.95	1
12	24	2001	12.2	1.1	96	0	84.7	3
12	25	2001	11.7	6.7	43	0.254	83.8	2
12	26	2001	9.4	8.9	22	0	92.4	4
12	27	2001	11.7	11.1	29	0	73.65	2
12	28	2001	10	10	9	0	89.1	4
12	29	2001	12.2	11.7	42	0	92.6	2
12	30	2001	12.8	12.2	16	0	96.5	-1
12	31	2001	14.4	10.6	36	1.015	-1	-1
1	1	2002	13.9	11.7	16	51.01	-1	-1
1	2	2002	15.6	5.6	48	41.11	-1	-1
1	3	2002	16.1	3.3	113	0.508	-1	-1
1	4	2002	13.9	1.7	101	0.761	-1	-1
1	5	2002	10	6.7	15	39.08	-1	-1
1	6	2002	13.9	8.9	34	4.822	-1	-1
1	7	2002	12.2	8.9	38	0	-1	-1
1	8	2002	14.4	9.4	37	0.254	-1	-1
1	9	2002	16.7	4.4	106	0.254	-1	-1
1	10	2002	16.7	1.1	114	0.508	-1	-1
1	11	2002	15	1.1	108	0.254	-1	-1
1	12	2002	12.8	5	94	0.254	-1	-1
1	13	2002	8.3	5.6	40	0.254	-1	-1
1	14	2002	13.3	1.7	123	0.254	-1	-1
1	15	2002	14.4	-1.1	112	0	64.7	2
1	16	2002	15.6	-2.8	139	0	58.2	2
1	17	2002	13.9	-1.7	133	0	66.95	1
1	18	2002	13.9	-3.9	137	0	73.65	1
1	19	2002	13.9	-2.8	129	0	69.25	2
1	20	2002	14.4	-0.6	129	0	75.05	2
1	21	2002	12.2	-0.6	69	2.284	85.1	2
1	22	2002	10	-1.1	122	0	71.35	2
1	23	2002	13.9	-3.3	144	0	66.4	1
1	24	2002	15	-4.4	138	0	68.85	1
1	25	2002	11.7	-1.1	85	0	77.5	1
1	26	2002	11.1	1.7	68	11.42	84.05	2
1	27	2002	10	0	140	0	73.1	2
1	28	2002	8.3	-3.3	112	8.122	82.1	1
1	29	2002	10	-3.9	140	0.254	73.05	1
1	30	2002	12.2	-4.4	155	0	64.1	1
1	31	2002	11.7	-5	145	0	70.85	1
2	1	2002	12.8	-0.6	136	0	73.95	1
2	2	2002	12.8	0.6	115	0	84.05	1
2	3	2002	14.4	-0.6	154	0	78	1
2	4	2002	16.7	-0.6	152	0.254	71.4	1
2	5	2002	15	-0.6	122	0	74.7	1
2	6	2002	13.3	5	91	0	83.9	1
2	7	2002	13.9	2.8	43	6.345	88.95	3
2	8	2002	15.6	-0.6	170	0	68.75	2
2	9	2002	18.3	-2.2	174	0	62.65	1
2	10	2002	18.3	1.1	169	0	70.5	2
2	11	2002	18.3	0	157	0	70	1
2	12	2002	18.3	0.6	166	0	75.25	2
2	13	2002	12.8	3.9	61	0.254	87.75	1
2	14	2002	16.1	5	240	0	85.2	2
2	15	2002	13.9	6.1	103	0	74.4	1
2	16	2002	13.9	3.3	91	10.15	79.3	2
2	17	2002	12.2	3.9	157	3.3	79.95	2
2	18	2002	12.2	1.1	85	0.254	84.3	1
2	19	2002	12.8	8.3	37	24.36	90.05	2
2	20	2002	17.8	10.6	113	4.061	-1	-1
2	21	2002	19.4	8.3	125	0.508	-1	-1
2	22	2002	20	7.8	145	1.015	-1	-1
2	23	2002	15.6	3.9	138	0.254	-1	-1
2	24	2002	20.6	1.1	203	0.254	-1	-1
2	25	2002	21.7	1.1	202	0.254	-1	-1
2	26	2002	16.7	6.1	120	0	-1	-1
2	27	2002	24.4	2.8	203	0	-1	-1
2	28	2002	23.9	0.6	211	0	-1	-1
3	1	2002	21.7	2.8	220	0	-1	-1
3	2	2002	21.7	1.1	222	0	-1	-1
3	3	2002	19.4	-0.6	216	0	-1	-1
3	4	2002	18.9	0.6	211	0	-1	-1
3	5	2002	13.9	2.8	87	9.391	-1	-1
3	6	2002	15	7.8	88	24.61	-1	-1
3	7	2002	13.3	2.2	186	4.315	-1	-1
3	8	2002	14.4	-1.7	230	0	-1	-1
3	9	2002	12.8	-0.6	118	14.72	-1	-1
3	10	2002	15.6	7.8	183	3.046	-1	-1
3	11	2002	17.2	5.6	175	0	-1	-1
3	12	2002	16.7	5.6	116	0	-1	-1
3	13	2002	13.9	0	202	0.508	-1	-1
3	14	2002	15.6	-1.7	247	0	-1	3
3	15	2002	12.2	-1.1	231	0.254	72.85	3
3	16	2002	12.2	0.6	238	0	62.25	4
3	17	2002	11.7	1.7	137	6.345	70.25	2
3	18	2002	15	0.6	255	0	58.7	3
3	19	2002	18.9	-2.2	246	0	63.1	1
3	20	2002	18.9	0.6	191	0	69.3	2
3	21	2002	18.3	3.3	198	0	72	1
3	22	2002	13.9	8.3	78	5.584	83.55	2
3	23	2002	15	6.7	178	2.538	79.5	3
3	24	2002	15	2.2	254	0	72.75	2
3	25	2002	13.9	0	187	0	75.7	1
3	26	2002	19.4	1.1	260	0	69.05	2
3	27	2002	21.7	0	264	0	69.85	1
3	28	2002	20.6	2.2	266	0	76.05	2
3	29	2002	17.2	6.7	224	0	83.95	2
3	30	2002	20	7.2	224	0	79.85	2
3	31	2002	22.2	5.6	248	0	78.7	2
4	1	2002	18.9	4.4	243	0.254	83.65	2
4	2	2002	16.7	8.9	148	0	84.7	3
4	3	2002	13.9	10	69	0	82.25	2
4	4	2002	13.3	10	62	0	81.8	1
4	5	2002	15.6	8.9	139	0	79.5	-1
4	6	2002	18.9	5.6	281	0	79	-1
4	7	2002	19.4	2.8	219	0	82.2	2
4	8	2002	16.7	8.9	144	0	83.15	2
4	9	2002	13.9	9.4	66	1.523	88.15	1
4	10	2002	18.3	7.2	257	0	82.6	2
4	11	2002	17.8	8.9	218	0	83.55	2
4	12	2002	23.9	8.3	267	0	71.75	2
4	13	2002	26.1	7.8	287	0.254	71.35	2
4	14	2002	22.2	6.7	283	0	79.75	4
4	15	2002	15.6	3.3	306	0	62.75	4
4	16	2002	12.2	0.6	148	8.376	75.4	3
4	17	2002	12.8	0.6	276	0	75.3	3
4	18	2002	15	0	308	0	68.45	3
4	19	2002	20.6	5.6	311	0	60.75	3
4	20	2002	18.9	1.7	295	0	76.4	2
4	21	2002	21.1	2.8	307	0	67.15	1
4	22	2002	25	1.1	311	0	62.15	2
4	23	2002	27.8	2.2	308	0	66.45	2
4	24	2002	18.9	8.3	255	0	73.75	2
4	25	2002	17.2	7.2	265	0	80.5	3
4	26	2002	17.2	7.2	271	0	74.75	3
4	27	2002	13.3	2.8	325	0	69.55	4
4	28	2002	14.4	-0.6	259	0	69.7	2
4	29	2002	14.4	5.6	277	5.584	72.75	2
4	30	2002	13.3	5	174	0.508	82.1	3
5	1	2002	18.3	5.6	337	0.254	73.9	2
5	2	2002	14.4	3.3	215	0.254	81.4	3
5	3	2002	15.6	3.3	222	0	79.15	2
5	4	2002	18.9	2.8	279	0	76	2
5	5	2002	22.8	4.4	309	0	69.5	2
5	6	2002	16.7	3.3	329	0	75	3
5	7	2002	20	3.9	333	0	66.05	2
5	8	2002	21.7	1.1	335	0.508	65.15	2
5	9	2002	17.8	1.7	334	0	70.6	2
5	10	2002	17.8	4.4	337	0	65.65	3
5	11	2002	23.3	3.3	339	0.254	59	2
5	12	2002	22.8	5.6	309	0	66.8	2
5	13	2002	17.2	5.6	330	0	73.1	3
5	14	2002	21.7	4.4	336	0.254	65.65	2
5	15	2002	21.1	8.3	325	0	70.05	3
5	16	2002	20.6	5.6	338	0	62.75	2
5	17	2002	20.6	3.9	334	0	68.85	2
5	18	2002	15	6.7	315	0	68.85	3
5	19	2002	15.6	8.9	86	9.391	78.45	2
5	20	2002	15.6	5	186	12.43	74.85	2
5	21	2002	16.7	6.1	250	0.508	73.4	2
5	22	2002	17.8	2.2	342	0	71.45	2
5	23	2002	22.8	2.8	344	0	63.7	2
5	24	2002	27.8	3.9	342	0	59.45	2
5	25	2002	21.7	7.8	322	0.254	77.05	2
5	26	2002	16.7	9.4	269	0	82.5	3
5	27	2002	19.4	9.4	249	0	78.25	3
5	28	2002	20	11.7	255	0	82.1	3
5	29	2002	27.2	12.8	320	0	74	2
5	30	2002	25.6	10.6	337	0	71.2	2
5	31	2002	21.7	7.8	338	0.254	76.95	2
6	1	2002	18.9	7.2	330	0	76.7	2
6	2	2002	21.7	4.4	337	0.508	73.95	2
6	3	2002	23.9	5.6	332	0	70.25	2
6	4	2002	27.8	11.7	341	0	59.35	2
6	5	2002	31.7	10.6	346	0.254	62.2	2
6	6	2002	26.1	10	353	0	59.55	3
6	7	2002	23.9	8.3	348	0	60.35	2
6	8	2002	26.1	8.3	352	0	47.35	3
6	9	2002	26.7	9.4	358	0.254	39.9	3
6	10	2002	30.6	10.6	343	0	46.65	2
6	11	2002	27.8	8.3	348	0.254	60.75	2
6	12	2002	21.1	10	306	0	73.65	3
6	13	2002	15	8.9	263	0.254	83.5	4
6	14	2002	19.4	7.2	333	0	72.6	3
6	15	2002	21.7	3.3	355	0.508	72.35	2
6	16	2002	21.7	3.9	349	0	73	2
6	17	2002	24.4	7.8	340	0	63.8	3
6	18	2002	23.3	11.1	339	0	71.65	3
6	19	2002	25.6	8.3	345	0.508	64.7	2
6	20	2002	21.7	6.1	342	0.508	72.7	2
6	21	2002	21.1	9.4	331	0	74.2	2
6	22	2002	21.1	8.3	294	0.508	77.65	2
6	23	2002	22.2	6.1	343	0.508	73.55	2
6	24	2002	25.6	10	318	0.254	72.85	2
6	25	2002	26.1	8.3	324	0.254	73.25	2
6	26	2002	19.4	11.1	262	0	81.15	2
6	27	2002	24.4	10	320	0	72.85	2
6	28	2002	23.9	10.6	312	0	70.9	2
6	29	2002	25	9.4	337	0	74.65	2
6	30	2002	30	11.7	347	0.254	62.6	2
7	1	2002	32.2	9.4	343	0.508	62.85	1
7	2	2002	25.6	10.6	322	0.254	73.7	2
7	3	2002	25	10	308	0	68.15	2
7	4	2002	25	7.8	339	0	65	2
7	5	2002	23.9	6.7	332	0.508	69.55	2
7	6	2002	25.6	8.3	334	0	63.05	2
7	7	2002	21.1	8.9	335	0	73.95	3
7	8	2002	30	7.2	346	0.508	59.05	2
7	9	2002	35.6	8.3	349	0	55.25	2
7	10	2002	36.1	9.4	347	0.508	57	2
7	11	2002	30	10	325	0	66.45	2
7	12	2002	30	12.2	294	0	63.9	2
7	13	2002	25.6	10.6	311	0.254	70.7	2
7	14	2002	26.1	8.9	321	0.761	69.15	2
7	15	2002	22.2	8.9	310	0	73.5	2
7	16	2002	20.6	8.3	278	0.508	75.95	2
7	17	2002	23.9	8.9	301	0.254	71.35	2
7	18	2002	26.1	8.9	296	0.508	70.4	1
7	19	2002	26.7	10.6	324	0.508	69.15	2
7	20	2002	28.9	9.4	330	0	68.3	2
7	21	2002	21.1	12.2	261	0	75	2
7	22	2002	21.7	11.1	260	0	72.85	2
7	23	2002	22.8	10	302	0	69.6	2
7	24	2002	22.8	8.3	331	0	70.8	2
7	25	2002	23.3	8.9	305	0	73.2	2
7	26	2002	26.7	11.1	296	0.508	70.2	2
7	27	2002	26.1	9.4	303	0	71.2	2
7	28	2002	23.3	13.9	274	0	70.65	3
7	29	2002	21.7	12.8	274	0	74	3
7	30	2002	24.4	12.2	264	0	73.4	3
7	31	2002	25.6	12.2	280	0	71.1	2
8	1	2002	22.8	13.3	246	0	78.35	2
8	2	2002	21.1	12.2	231	0	81	2
8	3	2002	19.4	12.2	130	0	76.45	2
8	4	2002	22.8	10.6	252	0.508	69.2	2
8	5	2002	26.1	7.8	311	0.254	61	3
8	6	2002	24.4	7.2	307	0.254	61.2	2
8	7	2002	28.9	6.7	307	0	58.95	2
8	8	2002	34.4	6.7	308	0.254	53.7	2
8	9	2002	36.1	8.9	288	0.254	46.45	1
8	10	2002	34.4	9.4	308	0	56.15	2
8	11	2002	26.1	10.6	298	0	67.3	3
8	12	2002	25.6	10	295	0	71.9	3
8	13	2002	25	11.1	257	0	73.35	3
8	14	2002	22.2	12.8	247	0	80.5	3
8	15	2002	22.8	11.7	335	0	76.05	3
8	16	2002	22.8	11.1	229	0	77.75	3
8	17	2002	19.4	10.6	229	0	80.25	3
8	18	2002	20	10.6	239	0	79.25	2
8	19	2002	16.1	11.1	205	0	82.85	2
8	20	2002	24.4	10	277	0	68.1	2
8	21	2002	23.3	7.2	285	0	70.15	2
8	22	2002	20	7.2	225	0	78.6	2
8	23	2002	21.7	9.4	202	0	75.9	2
8	24	2002	22.2	10.6	232	0	74.25	2
8	25	2002	27.2	8.9	257	0	68.95	1
8	26	2002	29.4	7.2	276	0	63.55	2
8	27	2002	33.9	9.4	276	0	55	2
8	28	2002	26.1	9.4	273	0	67	2
8	29	2002	22.2	12.8	231	0	76.5	3
8	30	2002	23.9	11.7	225	0	76	2
8	31	2002	27.8	10.6	256	0	68.05	2
9	1	2002	35	8.9	276	0	55.05	2
9	2	2002	34.4	9.4	278	0	53.4	2
9	3	2002	23.3	11.1	256	0	73.2	3
9	4	2002	22.2	10.6	266	0	63.75	3
9	5	2002	21.7	8.9	269	0	67.2	3
9	6	2002	19.4	8.9	260	0	76	3
9	7	2002	22.2	7.2	246	0	71.4	2
9	8	2002	26.1	5	263	0	62.8	1
9	9	2002	31.1	5	262	0	56.5	2
9	10	2002	33.9	6.1	259	0	56.8	2
9	11	2002	29.4	8.3	249	0	63.25	2
9	12	2002	22.2	10	218	0	72.95	3
9	13	2002	19.4	8.9	209	0	78.25	3
9	14	2002	23.9	10	208	0	71.95	2
9	15	2002	21.1	11.1	195	0	76.15	3
9	16	2002	23.9	10.6	227	0	73	2
9	17	2002	26.1	10.6	241	0	66.85	3
9	18	2002	32.8	10	242	0	60.3	2
9	19	2002	33.3	9.4	235	0	55.3	2
9	20	2002	33.9	7.8	240	0	51.3	2
9	21	2002	28.3	11.1	229	0	63.05	2
9	22	2002	30	8.3	218	0	64	2
9	23	2002	32.2	7.2	237	0	60.2	2
9	24	2002	27.2	8.9	229	0	65.65	2
9	25	2002	27.8	8.9	216	0	64.7	2
9	26	2002	20	11.1	175	0	78.25	3
9	27	2002	20.6	7.8	116	0	75.2	1
9	28	2002	21.1	6.7	189	0	71.85	2
9	29	2002	20	7.8	195	0	78.3	2
9	30	2002	21.7	8.9	199	0	72.5	2
10	1	2002	23.9	7.2	218	0	49.65	3
10	2	2002	26.7	5.6	224	0	50.6	3
10	3	2002	27.2	0	209	0	-1	-1
10	4	2002	26.7	5	206	0	62.5	2
10	5	2002	30	6.1	203	0.254	62.2	9
10	6	2002	32.2	7.8	203	0.254	56.45	8
10	7	2002	32.8	8.3	205	0.254	53.45	8
10	8	2002	32.8	4.4	202	0	-1	1
10	9	2002	23.3	8.9	158	0	73.4	2
10	10	2002	16.1	11.7	45	0	82.8	2
10	11	2002	23.3	3.9	184	0.254	71.55	2
10	12	2002	26.7	3.3	192	0	58.6	1
10	13	2002	27.8	2.8	194	0.508	59.45	1
10	14	2002	24.4	7.8	179	0	67.65	2
10	15	2002	16.7	10	226	0	77.7	3
10	16	2002	16.7	10.6	160	0.761	74.4	2
10	17	2002	13.9	10	73	0	83.7	2
10	18	2002	19.4	6.1	123	0	76.3	1
10	19	2002	20.6	5.6	139	0	78	1
10	20	2002	22.8	6.1	144	1.269	74.5	1
10	21	2002	23.9	2.8	171	0.254	-1	-1
10	22	2002	13.3	9.4	52	0	-1	-1
10	23	2002	13.9	8.9	51	0.254	-1	-1
10	24	2002	15.6	10	74	0	-1	-1
10	25	2002	20	5	142	0.254	-1	-1
10	26	2002	18.9	2.2	142	0.254	-1	-1
10	27	2002	22.2	1.7	150	0.254	-1	-1
10	28	2002	23.3	-0.6	159	0	-1	-1
10	29	2002	20.6	7.2	129	0.254	-1	-1
10	30	2002	20.6	1.7	176	0	-1	-1
10	31	2002	21.7	-2.2	168	0	-1	-1
11	1	2002	21.7	-1.1	170	0	-1	-1
11	2	2002	23.3	-1.7	166	0	-1	-1
11	3	2002	23.9	1.1	141	0	-1	-1
11	4	2002	20.6	0	148	0	-1	-1
11	5	2002	21.7	2.2	137	0.254	-1	-1
11	6	2002	17.8	1.1	85	1.015	-1	-1
11	7	2002	17.2	12.2	38	56.59	-1	-1
11	8	2002	17.2	9.4	64	23.09	-1	-1
11	9	2002	17.2	7.2	97	0.254	-1	-1
11	10	2002	17.8	8.9	100	3.807	-1	-1
11	11	2002	21.7	6.7	142	0	-1	-1
11	12	2002	21.1	6.7	109	7.107	-1	-1
11	13	2002	18.9	6.7	113	0	-1	-1
11	14	2002	24.4	2.2	146	0	-1	-1
11	15	2002	21.1	2.2	127	0	-1	-1
11	16	2002	16.7	3.9	70	0.254	-1	-1
11	17	2002	21.7	3.3	139	0.254	-1	-1
11	18	2002	21.1	1.1	119	0	-1	-1
11	19	2002	22.8	0	138	0	-1	-1
11	20	2002	21.7	2.8	121	0	-1	-1
11	21	2002	22.8	5	98	0	-1	-1
11	22	2002	12.2	5.6	30	0.254	-1	-1
11	23	2002	16.1	5.6	83	0	-1	-1
11	24	2002	16.7	6.1	78	0.508	-1	-1
11	25	2002	22.8	5.6	131	0.254	-1	-1
11	26	2002	25.6	2.8	132	0	-1	-1
11	27	2002	19.4	0.6	123	0	-1	-1
11	28	2002	20	-0.6	117	0	-1	-1
11	29	2002	20	-1.1	112	0	-1	-1
11	30	2002	15.6	-1.1	90	0	-1	-1
12	1	2002	18.3	2.2	107	0	-1	-1
12	2	2002	19.4	0.6	114	0	-1	-1
12	3	2002	16.1	-1.1	93	0	-1	-1
12	4	2002	18.9	1.7	102	0	-1	-1
12	5	2002	18.3	0.6	97	0	-1	-1
12	6	2002	13.3	2.8	45	0	-1	-1
12	7	2002	19.4	1.7	106	0.254	-1	-1
12	8	2002	15.6	1.7	81	0.254	-1	-1
12	9	2002	12.8	4.4	38	25.38	-1	-1
12	10	2002	16.7	3.9	96	5.584	-1	-1
12	11	2002	13.9	4.4	70	0.254	-1	-1
12	12	2002	12.2	7.2	48	8.883	-1	-1
12	13	2002	16.1	11.1	8	140.3	-1	-1
12	14	2002	16.1	7.8	9	37.56	-1	-1
12	15	2002	15	10.6	18	27.15	-1	-1
12	16	2002	14.4	6.1	64	30.45	-1	-1
12	17	2002	12.8	2.8	84	9.391	-1	-1
12	18	2002	12.2	2.8	72	0.508	-1	-1
12	19	2002	8.9	2.8	7	44.16	-1	-1
12	20	2002	13.9	6.1	63	23.6	-1	-1
12	21	2002	14.4	2.8	91	9.645	-1	-1
12	22	2002	14.4	-1.1	116	0.254	-1	-1
12	23	2002	16.7	-2.2	115	0	-1	-1
12	24	2002	11.1	1.1	66	0	-1	-1
12	25	2002	8.3	1.1	37	3.553	-1	-1
12	26	2002	11.7	6.1	22	14.97	-1	-1
12	27	2002	13.9	11.1	22	22.58	-1	-1
12	28	2002	13.3	7.2	10	31.98	-1	-1
12	29	2002	13.3	4.4	98	2.284	-1	-1
12	30	2002	11.7	5.6	23	24.87	-1	-1
12	31	2002	13.9	2.8	67	7.614	-1	-1
1	1	2003	11.7	1.7	73	0.254	-1	-1
1	2	2003	12.8	2.2	71	0	-1	-1
1	3	2003	14.4	1.7	96	0	-1	-1
1	4	2003	16.1	3.9	68	0	-1	-1
1	5	2003	22.2	6.7	109	0	-1	-1
1	6	2003	17.2	1.7	121	0	-1	-1
1	7	2003	15	0	97	0.254	-1	-1
1	8	2003	11.7	0	61	0.254	-1	-1
1	9	2003	8.9	3.3	19	21.57	-1	-1
1	10	2003	14.4	8.3	43	18.52	-1	-1
1	11	2003	14.4	8.9	40	2.031	-1	-1
1	12	2003	13.3	10.6	13	29.44	-1	-1
1	13	2003	13.9	11.7	29	4.315	-1	-1
1	14	2003	16.7	8.9	74	1.015	-1	-1
1	15	2003	17.2	4.4	113	0	-1	-1
1	16	2003	17.2	3.3	99	0.508	-1	-1
1	17	2003	15	5	86	0	-1	-1
1	18	2003	13.3	3.9	75	0.254	-1	-1
1	19	2003	8.3	4.4	43	0.254	-1	-1
1	20	2003	7.2	3.9	30	1.777	-1	-1
1	21	2003	10	6.7	26	13.95	-1	-1
1	22	2003	12.8	8.9	21	24.36	-1	-1
1	23	2003	16.7	9.4	48	2.031	-1	-1
1	24	2003	15	8.9	51	0	-1	-1
1	25	2003	17.8	10.6	82	0	-1	-1
1	26	2003	16.1	10.6	47	0	-1	-1
1	27	2003	18.3	5.6	94	0	-1	-1
1	28	2003	18.3	2.8	132	0.254	-1	-1
1	29	2003	17.8	2.8	123	0.254	-1	-1
1	30	2003	18.3	5	111	0	-1	-1
1	31	2003	18.9	5.6	80	0	-1	-1
2	1	2003	16.1	2.2	145	0	-1	-1
2	2	2003	17.8	-1.1	155	0	-1	-1
2	3	2003	17.2	-2.8	158	0	-1	-1
2	4	2003	20.6	-2.8	157	0	-1	-1
2	5	2003	18.3	1.1	164	0	-1	-1
2	6	2003	16.1	-3.3	160	0.254	-1	-1
2	7	2003	17.2	-1.7	162	0	-1	-1
2	8	2003	16.1	-4.4	169	0	-1	-1
2	9	2003	17.2	-3.9	169	0	-1	-1
2	10	2003	16.7	-2.8	158	0	-1	-1
2	11	2003	16.7	5	105	0	-1	-1
2	12	2003	12.8	1.1	59	14.72	-1	-1
2	13	2003	16.1	8.3	80	7.36	-1	-1
2	14	2003	16.7	6.1	102	0	-1	-1
2	15	2003	14.4	8.3	56	23.85	-1	-1
2	16	2003	15.6	3.9	144	2.792	-1	-1
2	17	2003	15	1.7	128	0.254	-1	-1
2	18	2003	18.3	-1.1	182	0	-1	-1
2	19	2003	13.9	2.8	119	2.284	-1	-1
2	20	2003	20	0.6	185	0	-1	-1
2	21	2003	21.1	0.6	185	0	-1	-1
2	22	2003	19.4	1.1	188	0	-1	-1
2	23	2003	17.2	0.6	130	0	-1	-1
2	24	2003	14.4	5.6	58	0	-1	-1
2	25	2003	17.8	3.3	188	0	-1	-1
2	26	2003	11.7	4.4	64	6.091	-1	-1
2	27	2003	15	0	194	0.254	-1	-1
2	28	2003	16.7	-0.6	181	0	-1	-1
3	1	2003	18.9	0	205	0	-1	-1
3	2	2003	17.8	-0.6	206	0.254	-1	-1
3	3	2003	15.6	3.3	177	1.015	-1	-1
3	4	2003	15.6	-0.6	211	0	-1	-1
3	5	2003	17.2	-0.6	212	0	-1	-1
3	6	2003	18.3	1.7	203	0.254	-1	-1
3	7	2003	17.2	-1.7	215	0	-1	-1
3	8	2003	17.8	0	220	0	-1	-1
3	9	2003	18.3	-0.6	194	0	-1	-1
3	10	2003	19.4	3.9	174	0	-1	-1
3	11	2003	21.1	8.9	185	0.254	-1	-1
3	12	2003	17.2	7.8	119	0.254	-1	-1
3	13	2003	15	11.1	71	7.107	-1	-1
3	14	2003	17.2	12.2	122	21.82	-1	-1
3	15	2003	16.1	6.1	206	9.391	-1	-1
3	16	2003	16.7	5	185	2.792	-1	-1
3	17	2003	17.8	1.7	241	0	-1	-1
3	18	2003	19.4	0.6	241	0	-1	-1
3	19	2003	16.1	1.1	183	6.599	-1	-1
3	20	2003	18.3	4.4	230	0.508	-1	-1
3	21	2003	20	1.7	236	0	-1	-1
3	22	2003	15	6.1	118	3.553	-1	-1
3	23	2003	18.3	5	231	1.523	-1	-1
3	24	2003	18.3	1.7	250	0	-1	-1
3	25	2003	20.6	2.8	209	0	-1	-1
3	26	2003	18.3	6.7	246	0.254	-1	-1
3	27	2003	21.1	0.6	258	0	-1	-1
3	28	2003	25.6	3.9	263	0	-1	-1
3	29	2003	23.9	2.8	255	0	-1	-1
3	30	2003	25.6	3.3	247	0	-1	-1
3	31	2003	18.3	5	246	0	-1	-1
4	1	2003	16.1	3.3	234	0	-1	-1
4	2	2003	12.8	1.1	229	3.553	-1	-1
4	3	2003	13.9	-0.6	232	1.015	-1	-1
4	4	2003	13.9	2.2	261	15.48	-1	-1
4	5	2003	16.1	-1.1	250	0	-1	-1
4	6	2003	16.7	1.1	178	0	-1	-1
4	7	2003	18.9	0.6	276	0	-1	-1
4	8	2003	21.7	1.1	277	0	-1	-1
4	9	2003	22.2	0.6	265	0	-1	-1
4	10	2003	16.1	1.7	201	0	-1	-1
4	11	2003	17.8	0	220	0	-1	-1
4	12	2003	14.4	8.3	85	30.96	-1	-1
4	13	2003	13.9	2.2	175	9.137	-1	-1
4	14	2003	15.6	1.7	269	0	-1	-1
4	15	2003	14.4	-1.1	175	0	-1	-1
4	16	2003	13.9	7.2	102	2.031	-1	-1
4	17	2003	17.8	5.6	274	0.254	-1	-1
4	18	2003	18.3	2.8	294	0	-1	-1
4	19	2003	20.6	2.2	285	0	-1	-1
4	20	2003	17.2	3.9	223	0	-1	-1
4	21	2003	14.4	5.6	211	1.015	-1	-1
4	22	2003	17.8	0.6	244	0	-1	-1
4	23	2003	13.3	1.7	101	8.883	-1	-1
4	24	2003	14.4	2.2	251	12.94	-1	-1
4	25	2003	15	1.7	177	17.76	-1	-1
4	26	2003	16.1	2.2	253	0.254	-1	-1
4	27	2003	17.2	0	209	8.122	-1	-1
4	28	2003	15	7.8	153	6.599	-1	-1
4	29	2003	15.6	4.4	196	5.33	-1	-1
4	30	2003	17.8	1.7	302	0	-1	-1
5	1	2003	20	4.4	229	0	-1	-1
5	2	2003	16.1	8.9	84	13.19	-1	-1
5	3	2003	20	10	258	16.24	-1	-1
5	4	2003	18.3	6.7	295	0	-1	-1
5	5	2003	18.9	2.2	306	0	-1	-1
5	6	2003	17.8	2.2	212	1.269	-1	-1
5	7	2003	20	2.2	303	0	-1	-1
5	8	2003	16.1	3.3	305	0.254	-1	-1
5	9	2003	18.3	0.6	312	0	-1	-1
5	10	2003	19.4	1.1	326	0	-1	-1
5	11	2003	20.6	2.2	307	0	-1	-1
5	12	2003	23.3	3.9	312	0	-1	-1
5	13	2003	22.2	3.9	320	0	-1	-1
5	14	2003	20.6	6.1	267	0	-1	-1
5	15	2003	21.1	2.8	322	0	-1	-1
5	16	2003	24.4	1.1	304	0	-1	-1
5	17	2003	23.9	1.7	334	0	-1	-1
5	18	2003	21.7	4.4	337	0	-1	-1
5	19	2003	27.2	2.8	333	0	-1	-1
5	20	2003	28.9	4.4	330	0	-1	-1
5	21	2003	28.3	5.6	328	0	-1	-1
5	22	2003	25	6.7	325	0	-1	-1
5	23	2003	25	6.7	324	0	-1	-1
5	24	2003	21.1	8.3	293	0	-1	-1
5	25	2003	21.1	7.2	249	0	-1	-1
5	26	2003	23.3	8.9	306	0	-1	-1
5	27	2003	28.9	7.2	333	0	-1	-1
5	28	2003	31.7	7.8	285	0	-1	-1
5	29	2003	18.3	10.6	151	0	-1	-1
5	30	2003	21.7	8.9	240	0	-1	-1
5	31	2003	22.8	6.1	334	0	72.5	-1
6	1	2003	28.3	6.7	358	0	63	-1
6	2	2003	30	7.2	355	0	64	-1
6	3	2003	24.4	9.4	350	0	72.5	-1
6	4	2003	17.8	11.7	192	0	84.5	-1
6	5	2003	21.1	11.1	256	0	77	-1
6	6	2003	18.9	12.8	149	0.761	79.5	-1
6	7	2003	17.2	11.1	145	0.508	83	-1
6	8	2003	19.4	10	237	0	81.5	-1
6	9	2003	18.9	10.6	158	0	80	-1
6	10	2003	19.4	11.7	158	0.254	-1	-1
6	11	2003	16.7	10.6	138	1.015	-1	-1
6	12	2003	17.8	10	273	0.508	78.5	-1
6	13	2003	20	6.1	343	1.015	-1	-1
6	14	2003	22.8	3.3	358	0	69.5	-1
6	15	2003	26.1	6.7	353	0.508	-1	-1
6	16	2003	28.3	7.2	355	3.3	67.5	-1
6	17	2003	25.6	7.2	348	0	-1	-1
6	18	2003	22.2	8.9	331	0.508	73.5	-1
6	19	2003	21.7	7.8	340	0	72.5	-1
6	20	2003	25.6	6.7	327	0	-1	-1
6	21	2003	22.8	6.7	351	0.254	69.5	-1
6	22	2003	23.3	4.4	350	0.254	65.5	-1
6	23	2003	22.2	7.8	339	0.508	64	-1
6	24	2003	29.4	7.8	357	3.553	-1	-1
6	25	2003	34.4	7.2	355	3.3	-1	-1
6	26	2003	37.2	11.1	353	1.015	-1	-1
6	27	2003	35	11.1	357	2.284	-1	-1
6	28	2003	28.3	10.6	360	1.015	-1	-1
6	29	2003	22.2	11.7	282	1.015	76	-1
6	30	2003	21.1	12.2	328	1.015	-1	-1
7	1	2003	23.3	10	318	2.538	64.5	-1
7	2	2003	25.6	9.4	382	1.015	-1	-1
7	3	2003	24.4	8.9	340	0	68	-1
7	4	2003	28.3	7.8	357	0.254	66	-1
7	5	2003	23.3	6.7	359	2.031	69	-1
7	6	2003	22.8	7.8	350	0.254	72.1	1
7	7	2003	18.9	9.4	311	0.508	74.75	2
7	8	2003	26.1	6.1	360	1.777	65.8	1
7	9	2003	30.6	6.7	356	0.761	61.95	1
7	10	2003	26.1	8.3	353	1.015	65.05	1
7	11	2003	29.4	7.8	350	5.584	63.9	1
7	12	2003	26.7	10.6	348	0	67.2	2
7	13	2003	27.8	12.2	352	1.523	65.5	2
7	14	2003	32.8	10.6	342	1.015	56.55	1
7	15	2003	26.7	9.4	346	2.792	65.8	2
7	16	2003	27.2	11.7	289	0	63	2
7	17	2003	36.1	8.3	342	0	55.8	1
7	18	2003	32.2	8.3	348	0	62.05	1
7	19	2003	30	11.1	327	0	61.15	1
7	20	2003	31.7	13.9	330	0	60.3	1
7	21	2003	29.4	12.8	324	0	67.65	2
7	22	2003	26.7	11.1	322	0	68.85	2
7	23	2003	27.8	10.6	253	0	68.7	1
7	24	2003	28.9	12.2	301	0	66.5	-1
7	25	2003	27.2	11.1	279	0	71	-1
7	26	2003	27.8	10	321	0	69.05	2
7	27	2003	26.7	10	305	0	72.65	2
7	28	2003	26.7	10.6	305	0	69.4	2
7	29	2003	25.6	10	291	0	71.4	2
7	30	2003	27.2	11.7	186	0	66.45	2
7	31	2003	26.7	12.8	219	0	68.65	1
8	1	2003	26.1	13.3	269	0	73.25	2
8	2	2003	25.6	13.9	269	0	72.3	2
8	3	2003	23.3	13.9	267	0	74.55	2
8	4	2003	23.9	12.2	315	0	72.25	3
8	5	2003	24.4	13.3	210	0	70.45	2
8	6	2003	22.2	12.8	309	0	74.5	2
8	7	2003	23.3	8.9	306	0	69.4	2
8	8	2003	23.9	9.4	316	0	72.15	2
8	9	2003	24.4	12.2	314	0	67.8	2
8	10	2003	26.1	10.6	318	0	66.7	2
8	11	2003	26.1	10	322	0	62.2	2
8	12	2003	28.3	8.3	322	0	62.15	1
8	13	2003	29.4	6.7	320	0	61.85	1
8	14	2003	23.9	11.1	282	0	71.95	2
8	15	2003	27.8	8.9	318	0	62.2	1
8	16	2003	30	7.8	308	0	63.95	1
8	17	2003	28.3	8.3	304	0	66.9	1
8	18	2003	25	12.2	271	0	72.35	1
8	19	2003	25.6	11.7	233	0	73.7	1
8	20	2003	27.8	12.2	270	0	69.95	2
8	21	2003	26.1	15.6	247	0	66.15	2
8	22	2003	23.3	12.2	189	0	71.2	1
8	23	2003	28.9	10.6	293	0	66.35	1
8	24	2003	33.9	11.1	296	0	56.2	1
8	25	2003	34.4	10.6	286	0	57.6	1
8	26	2003	28.9	11.7	295	0	64.95	1
8	27	2003	26.1	9.4	255	0	70.9	1
8	28	2003	21.7	8.9	219	0	78.4	1
8	29	2003	27.2	7.8	261	0	65.5	1
8	30	2003	25.6	10.6	251	0	71	1
8	31	2003	25	9.4	261	0	72.75	1
9	1	2003	32.2	9.4	270	0	64.65	1
9	2	2003	28.3	11.7	261	0	69.45	2
9	3	2003	22.8	14.4	214	0	76.8	2
9	4	2003	22.8	12.2	210	0	73.5	2
9	5	2003	22.2	12.2	264	0	71.55	2
9	6	2003	22.2	10.6	237	0	71.15	2
9	7	2003	23.3	7.8	226	0	76.3	2
9	8	2003	25.6	8.9	262	0	66.3	1
9	9	2003	22.2	11.1	116	0	78.05	1
9	10	2003	27.8	11.7	234	0	66.3	1
9	11	2003	33.3	9.4	254	0	55.05	1
9	12	2003	36.7	11.7	254	0	48.45	1
9	13	2003	35.6	9.4	253	0	48.05	1
9	14	2003	28.3	10	247	0	65.35	2
9	15	2003	22.2	10.6	216	0	74.95	2
9	16	2003	23.3	10	240	0	65	2
9	17	2003	27.2	6.1	242	0	57.9	1
9	18	2003	31.1	5	243	0	50.15	1
9	19	2003	32.2	6.7	234	0	53	1
9	20	2003	33.9	6.7	233	0	58.25	1
9	21	2003	36.1	8.3	233	0	51.5	1
9	22	2003	37.2	10	229	0	44.4	1
9	23	2003	26.7	10	224	0	70.75	2
9	24	2003	20	13.3	162	0	76.25	2
9	25	2003	20	12.2	162	0	78.2	2
9	26	2003	22.2	12.2	158	0	77.55	2
9	27	2003	21.1	11.7	154	0	77.75	2
9	28	2003	21.1	11.7	166	0	78.2	1
9	29	2003	21.7	10	217	0	74.8	2
9	30	2003	26.7	6.1	212	0	66.45	1
10	1	2003	17.8	10	155	0	83.3	1
10	2	2003	19.4	9.4	110	0	79.2	1
10	3	2003	22.2	10	155	0	74.6	1
10	4	2003	23.9	8.9	170	0	69.4	1
10	5	2003	26.1	9.4	194	0	68.7	1
10	6	2003	27.2	7.8	204	0	65.65	1
10	7	2003	25.6	7.8	275	0	71.65	2
10	8	2003	24.4	6.1	201	0	66.05	2
10	9	2003	25	8.3	204	0	60.3	3
10	10	2003	26.1	7.2	205	0	41.3	3
10	11	2003	24.4	2.8	199	0	57.1	2
10	12	2003	26.7	5	199	0	60.7	1
10	13	2003	30	2.8	202	0	50.9	1
10	14	2003	27.8	6.1	200	0	54.75	1
10	15	2003	21.1	3.9	184	0	70.65	2
10	16	2003	26.7	6.1	185	0	64.5	1
10	17	2003	28.3	5.6	172	0	62.85	1
10	18	2003	23.9	6.1	172	0	72.7	2
10	19	2003	26.1	7.2	159	0	65.8	2
10	20	2003	28.9	7.2	181	0	64.7	1
10	21	2003	30.6	6.1	180	0	61.2	1
10	22	2003	21.7	10	126	0	77.1	2
10	23	2003	30	6.7	177	0	59.65	1
10	24	2003	30	3.9	177	0	50.75	1
10	25	2003	32.8	6.1	175	0	42.6	1
10	26	2003	31.7	7.2	174	0	41.55	1
10	27	2003	33.9	7.2	173	0	40.6	1
10	28	2003	31.7	7.2	164	0	44.35	1
10	29	2003	21.7	6.1	169	0	59	2
10	30	2003	15.6	5.6	166	0	62.65	3
10	31	2003	14.4	2.2	130	0	72.6	1
11	1	2003	16.7	1.1	161	0	65.35	1
11	2	2003	14.4	0.6	92	0	68.05	1
11	3	2003	15	1.7	148	0	68.75	1
11	4	2003	15.6	-1.1	149	0	73.3	1
11	5	2003	12.8	6.1	60	0	77	2
11	6	2003	15.6	8.3	47	6.091	73.6	2
11	7	2003	16.1	9.4	88	0	81.7	3
11	8	2003	16.7	11.1	38	12.94	83.05	3
11	9	2003	17.8	6.7	91	2.792	78.05	2
11	10	2003	19.4	5.6	120	0.254	73.4	1
11	11	2003	20.6	3.3	142	0	67.4	1
11	12	2003	22.2	2.2	141	0	67.05	1
11	13	2003	15.6	2.2	49	0	79.35	1
11	14	2003	14.4	6.7	45	5.076	83.55	1
11	15	2003	15	3.9	73	0.508	78.3	1
11	16	2003	14.4	2.2	67	1.523	84	1
11	17	2003	17.8	5	127	1.015	77.4	2
11	18	2003	17.8	2.8	122	0.254	78.4	1
11	19	2003	18.3	4.4	93	0	79.3	1
11	20	2003	16.7	4.4	81	0	78.9	2
11	21	2003	14.4	2.8	129	0	57.8	3
11	22	2003	14.4	-0.6	133	0	55.3	2
11	23	2003	15.6	-4.4	129	0	58.65	1
11	24	2003	15	-1.7	97	0	65.5	1
11	25	2003	15	-0.6	127	0	70.7	2
11	26	2003	16.1	0	125	0	69.45	2
11	27	2003	16.7	-2.8	93	0	66.3	2
11	28	2003	11.7	8.3	28	1.523	75.3	2
11	29	2003	12.8	8.3	20	1.523	79.25	2
11	30	2003	11.7	9.4	35	5.584	86.6	4
12	1	2003	13.3	9.4	23	11.92	88.6	4
12	2	2003	16.1	8.9	52	1.777	85.75	1
12	3	2003	18.3	6.7	87	0.254	77.95	1
12	4	2003	12.2	6.1	26	3.553	89.45	3
12	5	2003	16.1	10.6	50	3.3	86.2	3
12	6	2003	16.1	10	23	11.67	87.3	2
12	7	2003	15.6	4.4	112	0	76.3	2
12	8	2003	16.1	0	118	0	67.65	1
12	9	2003	12.8	4.4	22	13.95	79.45	4
12	10	2003	14.4	6.7	81	7.36	80.1	2
12	11	2003	13.9	2.2	109	0	72.15	2
12	12	2003	10.6	2.8	28	7.614	88.4	2
12	13	2003	15.6	10	40	3.046	80.85	2
12	14	2003	13.9	1.1	116	8.122	74.3	3
12	15	2003	12.2	-2.2	103	0	77.5	1
12	16	2003	13.3	-0.6	87	0	72.55	2
12	17	2003	13.3	0	84	0	72.5	2
12	18	2003	15.6	5.6	94	0	69.8	3
12	19	2003	11.7	6.7	13	9.137	77.35	3
12	20	2003	12.2	8.9	25	8.629	91.15	2
12	21	2003	14.4	3.9	69	0	82.8	2
12	22	2003	12.8	9.4	57	0	-1	-1
12	23	2003	12.2	9.4	24	5.838	87.5	-1
12	24	2003	13.9	6.7	24	18.52	87.5	-1
12	25	2003	12.2	2.2	74	1.015	77	-1
12	26	2003	11.1	-0.6	96	0	69.5	-1
12	27	2003	12.8	-3.9	113	0	69.5	-1
12	28	2003	8.3	-2.8	69	1.523	80.5	-1
12	29	2003	12.2	6.7	14	39.08	92.5	-1
12	30	2003	13.3	4.4	88	0	79.5	-1
12	31	2003	12.2	2.8	50	0.254	82.5	-1
1	1	2004	12.2	1.7	33	27.41	82	-1
1	2	2004	10.6	-0.6	57	2.284	82.35	1
1	3	2004	11.1	-1.7	121	0	67.6	1
1	4	2004	11.1	-3.3	108	0	75.9	1
1	5	2004	11.1	-3.3	119	0	74.6	2
1	6	2004	10.6	5	42	2.284	72.5	3
1	7	2004	12.8	7.2	45	0.508	71.2	4
1	8	2004	15	7.2	56	0.254	81.8	2
1	9	2004	12.2	6.1	21	9.137	84.25	2
1	10	2004	13.9	8.9	50	0	88.4	1
1	11	2004	15.6	7.2	95	0	82.7	2
1	12	2004	12.2	7.8	44	0	89.35	3
1	13	2004	11.1	4.4	55	0	88.35	3
1	14	2004	8.3	5.6	30	1.523	91.85	2
1	15	2004	15.6	6.1	79	0	83.7	1
1	16	2004	11.7	8.3	47	0	86.3	2
1	17	2004	12.2	7.2	64	0	82.25	2
1	18	2004	12.8	7.2	64	0	83.4	1
1	19	2004	11.7	6.7	64	0	87.5	1
1	20	2004	15	3.3	123	0	80.75	2
1	21	2004	16.1	2.8	137	0	69.2	1
1	22	2004	16.1	-2.2	138	0	68.7	1
1	23	2004	12.2	1.1	88	2.031	80.85	1
1	24	2004	13.9	2.8	78	2.031	83.85	2
1	25	2004	12.8	0	124	0	-1	2
1	26	2004	11.1	3.3	55	1.015	77.9	2
1	27	2004	13.3	3.9	63	4.315	89	3
1	28	2004	13.3	2.2	83	0.254	86	1
1	29	2004	10.6	2.8	40	0	89.75	1
1	30	2004	13.9	3.9	95	2.284	78.95	2
1	31	2004	13.9	0	151	0	65.45	3
2	1	2004	10	1.7	47	3.046	82.1	3
2	2	2004	12.8	4.4	68	18.78	79.45	3
2	3	2004	13.3	6.7	119	7.614	84.2	2
2	4	2004	15	2.8	123	0	77.55	1
2	5	2004	16.7	1.1	119	0	77.4	1
2	6	2004	15	2.2	104	1.523	78.3	2
2	7	2004	14.4	1.1	154	0	74.45	2
2	8	2004	16.7	-1.1	158	0	65.3	1
2	9	2004	19.4	-1.1	168	0	57.9	2
2	10	2004	16.7	1.1	170	0	61.15	2
2	11	2004	16.7	-2.2	167	0	68.1	1
2	12	2004	17.2	-1.7	158	0	69.6	2
2	13	2004	12.8	1.1	36	1.015	72.45	2
2	14	2004	15.6	3.9	116	0	74.7	1
2	15	2004	15	5	69	0.254	80.85	1
2	16	2004	14.4	9.4	11	46.7	90.45	4
2	17	2004	15.6	12.2	25	14.72	84.1	4
2	18	2004	16.7	5.6	168	4.569	74.15	2
2	19	2004	13.9	0.6	120	0	73.8	1
2	20	2004	11.7	5	48	1.269	84.35	1
2	21	2004	11.1	5.6	53	0.508	82	1
2	22	2004	13.3	2.2	74	4.315	79.35	1
2	23	2004	15	2.2	151	0	80.4	2
2	24	2004	15.6	8.9	120	2.284	73.25	2
2	25	2004	16.1	10.6	132	31.47	75.45	5
2	26	2004	13.3	3.3	122	6.345	78.9	3
2	27	2004	14.4	3.9	174	0.508	75.3	2
2	28	2004	15.6	1.1	174	0	73.35	2
2	29	2004	13.9	0	137	0.508	77.45	1
3	1	2004	13.9	5	116	3.046	82.6	3
3	2	2004	20.6	2.2	209	0	59.9	2
3	3	2004	16.1	2.2	125	0	64.5	2
3	4	2004	17.8	5	202	0	70.55	3
3	5	2004	17.2	4.4	155	0	74.7	2
3	6	2004	20	5.6	192	0	76.05	2
3	7	2004	24.4	3.9	211	0	69.95	1
3	8	2004	25.6	3.9	214	0	69.7	2
3	9	2004	26.7	6.7	214	0	68.95	1
3	10	2004	27.8	6.1	227	2.031	58.8	2
3	11	2004	25.6	3.9	222	0	61.95	1
3	12	2004	23.3	3.3	222	0	69.35	1
3	13	2004	26.7	3.3	225	0	69.55	1
3	14	2004	26.1	4.4	224	2.284	69.6	1
3	15	2004	29.4	5	230	1.015	59.15	2
3	16	2004	30.6	7.8	231	3.3	55.9	1
3	17	2004	28.3	5.6	231	0	61.95	1
3	18	2004	27.8	3.9	228	0	64.25	1
3	19	2004	21.7	3.9	237	0	68.55	2
3	20	2004	26.7	1.1	225	1.269	63.9	2
3	21	2004	18.3	8.9	176	0	82.75	2
3	22	2004	19.4	7.8	199	0	79.15	2
3	23	2004	18.9	7.2	233	0	72.85	3
3	24	2004	18.3	7.2	224	1.777	79.15	2
3	25	2004	12.8	2.8	52	10.91	82.2	2
3	26	2004	14.4	2.2	137	0.761	76.2	2
3	27	2004	18.9	5	220	0.508	75.7	2
3	28	2004	23.9	3.3	243	0	70.3	1
3	29	2004	23.9	5.6	231	0	75	2
3	30	2004	17.2	5	166	0	75.35	3
3	31	2004	16.7	5	261	0	69.55	3
4	1	2004	22.2	3.3	271	0	50.25	3
4	2	2004	22.8	5.6	270	2.792	51	2
4	3	2004	20	2.8	264	0.254	68.1	2
4	4	2004	13.3	7.2	121	0.254	80.85	2
4	5	2004	15.6	3.3	171	0	75.25	2
4	6	2004	17.2	0.6	261	0	75.75	2
4	7	2004	21.7	3.3	268	0	71.3	2
4	8	2004	21.1	3.9	269	1.777	75.25	1
4	9	2004	23.3	3.9	239	0	75.95	1
4	10	2004	25	5.6	275	1.523	72.7	2
4	11	2004	16.7	7.2	188	0	84.25	2
4	12	2004	17.8	5	246	2.284	79.9	2
4	13	2004	16.7	3.9	253	0	76.9	3
4	14	2004	16.7	7.8	154	0.508	74.15	2
4	15	2004	15	2.2	239	0	72.75	2
4	16	2004	15.6	0.6	241	0	74.55	2
4	17	2004	15.6	0	296	1.777	73.7	2
4	18	2004	11.7	1.1	99	7.614	86.1	1
4	19	2004	15.6	7.8	107	1.015	77.1	3
4	20	2004	17.2	10	219	0.508	78	2
4	21	2004	16.7	5.6	273	1.523	75.75	3
4	22	2004	24.4	5	315	0	56.35	2
4	23	2004	26.1	3.9	303	0.254	62.25	1
4	24	2004	27.8	3.9	303	2.031	65.7	1
4	25	2004	30.6	5	300	0	58.85	1
4	26	2004	33.3	6.1	305	0	60	1
4	27	2004	29.4	9.4	313	0.508	62	2
4	28	2004	22.8	7.8	307	2.031	68.8	2
4	29	2004	26.1	8.9	315	0.508	55.85	2
4	30	2004	21.1	8.9	290	0	74.7	2
5	1	2004	25.6	8.3	290	0	65.5	2
5	2	2004	30.6	4.4	319	0	62.45	1
5	3	2004	28.3	7.8	318	0	70.15	2
5	4	2004	21.7	7.2	325	0	74.45	2
5	5	2004	17.2	4.4	318	0	76.75	2
5	6	2004	21.1	5	274	0	68.95	2
5	7	2004	20.6	8.9	171	0	77.7	2
5	8	2004	18.3	7.2	304	0	75.85	2
5	9	2004	21.1	6.1	326	0	67.8	3
5	10	2004	19.4	7.2	326	0	65.6	4
5	11	2004	18.3	5.6	330	0	67.6	3
5	12	2004	23.3	6.1	332	0	64.15	2
5	13	2004	23.3	1.7	330	0	70.85	1
5	14	2004	21.1	4.4	312	0	71.8	2
5	15	2004	23.3	5.6	308	0	70.15	2
5	16	2004	22.8	6.7	325	0	67.9	2
5	17	2004	17.8	3.9	330	0	76.85	4
5	18	2004	19.4	6.7	326	0	74.7	2
5	19	2004	21.1	3.3	331	0.508	72.9	2
5	20	2004	18.3	5	309	0	78.8	2
5	21	2004	17.8	6.1	321	0	79.2	3
5	22	2004	16.7	4.4	259	0	77.85	3
5	23	2004	21.1	6.1	333	0	70.9	2
5	24	2004	21.7	3.9	326	0	73.95	2
5	25	2004	21.1	11.1	286	0	75.25	2
5	26	2004	21.7	11.1	266	0	79.45	2
5	27	2004	18.9	8.9	247	0	83.1	2
5	28	2004	19.4	8.9	289	0	73.55	3
5	29	2004	22.8	6.1	348	0	64.8	2
5	30	2004	27.8	4.4	346	0	65.6	1
5	31	2004	28.9	5.6	330	0	63.2	1
6	1	2004	26.7	6.1	345	0.508	63.6	2
6	2	2004	26.7	7.2	349	2.792	66.1	2
6	3	2004	22.8	8.3	321	0	73.9	2
6	4	2004	20.6	6.1	325	2.538	74.35	2
6	5	2004	24.4	6.1	341	0	72.65	3
6	6	2004	22.8	9.4	345	1.777	67.3	3
6	7	2004	23.9	7.2	358	1.269	-1	4
6	8	2004	20	6.1	324	1.015	68.15	3
6	9	2004	21.7	5	341	1.523	71.3	2
6	10	2004	23.3	5.6	340	0	74.5	2
6	11	2004	23.3	3.3	339	0.508	70.25	1
6	12	2004	24.4	5	342	2.792	65.45	2
6	13	2004	26.1	7.8	340	0.254	64.25	2
6	14	2004	30	9.4	335	1.777	59.15	1
6	15	2004	33.3	6.7	354	0	58.1	1
6	16	2004	30	8.9	344	0	62.7	1
6	17	2004	18.9	12.8	196	0	76.25	2
6	18	2004	21.1	13.3	293	0	73.3	2
6	19	2004	18.9	10.6	236	0	80.6	3
6	20	2004	19.4	8.9	308	0	79	2
6	21	2004	24.4	7.8	336	0	72.5	1
6	22	2004	22.2	5.6	343	0	76.9	1
6	23	2004	21.7	6.1	312	0	76.9	2
6	24	2004	21.7	7.8	335	0	76.55	2
6	25	2004	25.6	7.2	349	0	66.3	2
6	26	2004	25.6	10	350	0	70.95	3
6	27	2004	28.9	6.7	349	0	67.75	1
6	28	2004	24.4	6.1	343	0	75.6	2
6	29	2004	21.7	12.2	240	0	75.25	2
6	30	2004	22.2	11.7	248	0	74.5	-1
7	1	2004	24.4	7.8	285	0	76.3	1
7	2	2004	26.7	5.6	329	0	72.2	1
7	3	2004	27.8	7.8	323	0	72.9	1
7	4	2004	25.6	9.4	325	0	76.7	2
7	5	2004	26.7	8.3	320	0	75.15	2
7	6	2004	22.8	11.1	290	0	79.3	2
7	7	2004	21.7	11.1	260	0	80.55	2
7	8	2004	20.6	12.8	292	0	76.4	2
7	9	2004	17.8	10.6	108	0	84.35	2
7	10	2004	22.8	9.4	286	0	75.55	1
7	11	2004	29.4	5	342	0	68.4	1
7	12	2004	23.3	6.1	324	0	79.25	1
7	13	2004	21.7	7.8	303	0	82.8	1
7	14	2004	22.2	6.1	278	0	-1	2
7	15	2004	26.1	5	339	0	74.4	2
7	16	2004	24.4	8.9	325	0	80.45	2
7	17	2004	23.9	8.3	284	0	78.9	2
7	18	2004	26.7	12.2	323	0	78.4	2
7	19	2004	25	10.6	324	0	77.85	2
7	20	2004	27.2	8.3	338	0	75.85	1
7	21	2004	28.9	7.2	323	0	76.15	1
7	22	2004	23.9	9.4	308	0	79.4	2
7	23	2004	21.1	7.8	260	0	83.9	2
7	24	2004	21.7	10.6	220	0	85	2
7	25	2004	24.4	8.9	278	0	82.6	2
7	26	2004	23.3	5	303	0	82.65	2
7	27	2004	24.4	6.7	278	0	82.35	2
7	28	2004	23.3	10	281	0	80.5	2
7	29	2004	22.8	10.6	251	0	83.9	2
7	30	2004	22.2	8.3	249	0	85.2	2
7	31	2004	21.7	8.9	233	0	86.55	2
8	1	2004	22.2	9.4	227	0	85.65	2
8	2	2004	16.7	8.3	101	0	91.25	2
8	3	2004	23.3	4.4	265	0	82.85	1
8	4	2004	23.9	7.8	299	0	82.25	2
8	5	2004	23.3	9.4	297	0	79.1	2
8	6	2004	23.9	8.9	312	0	80.65	2
8	7	2004	29.4	5.6	315	0	76.45	1
8	8	2004	27.8	7.8	316	0	77.35	2
8	9	2004	20.6	8.9	248	0	85.05	2
8	10	2004	25.6	6.7	281	0	79.8	2
8	11	2004	27.8	5	274	0	75.05	2
8	12	2004	21.7	5.6	275	0	82.45	2
8	13	2004	24.4	9.4	285	0	77.3	2
8	14	2004	18.3	8.3	187	0	85.65	2
8	15	2004	22.2	7.2	280	0	78.85	2
8	16	2004	25.6	5.6	302	0	74.9	1
8	17	2004	27.8	7.8	291	0	73.8	1
8	18	2004	30.6	6.7	294	0	71.7	1
8	19	2004	24.4	6.7	242	0	77.85	1
8	20	2004	26.1	10	261	0	73.75	2
8	21	2004	21.7	11.7	232	0	74.95	2
8	22	2004	22.8	12.2	204	0	78.75	2
8	23	2004	22.2	8.3	260	0	76.8	2
8	24	2004	16.7	6.7	264	0	85	2
8	25	2004	21.1	5.6	268	0	83.45	2
8	26	2004	25.6	5	287	0	69.85	2
8	27	2004	33.3	11.1	288	0	55.35	2
8	28	2004	35.6	8.9	285	0	51.7	1
8	29	2004	26.1	8.3	264	0	71.15	2
8	30	2004	23.9	11.1	271	0	73.5	2
8	31	2004	23.9	10.6	251	0	72.2	2
9	1	2004	21.1	7.2	267	0	78.75	2
9	2	2004	26.1	2.2	272	0	66.4	2
9	3	2004	30.6	11.7	278	0	39.65	3
9	4	2004	35	12.2	267	0	41.85	2
9	5	2004	35.6	9.4	251	0	53	1
9	6	2004	35.6	9.4	260	0	51.3	1
9	7	2004	36.7	8.3	256	0	50	1
9	8	2004	35.6	6.7	255	0	55.3	1
9	9	2004	31.1	8.3	252	0	58.4	1
9	10	2004	27.8	4.4	251	0	61.65	1
9	11	2004	29.4	5.6	240	0	64.95	1
9	12	2004	21.7	9.4	235	0	70.4	2
9	13	2004	23.3	7.8	239	0	70.45	2
9	14	2004	30	7.8	240	0	57.65	1
9	15	2004	31.7	8.3	233	0	55.25	2
9	16	2004	28.9	11.7	236	0	56.2	2
9	17	2004	25.6	10	227	0	67.45	2
9	18	2004	19.4	8.3	185	0	64.25	3
9	19	2004	17.2	5.6	182	0	72.85	2
9	20	2004	21.7	1.7	220	0	67.05	1
9	21	2004	27.2	6.1	232	0	53.55	1
9	22	2004	26.7	11.1	171	0	57.3	2
9	23	2004	31.1	4.4	225	1.015	54	1
9	24	2004	31.7	6.1	223	0	56.7	1
9	25	2004	24.4	4.4	213	0.761	64.7	1
9	26	2004	28.3	0.6	222	1.269	58.25	1
9	27	2004	21.1	1.1	211	1.269	72.75	2
9	28	2004	16.7	5.6	155	0.761	79.65	2
9	29	2004	17.8	7.8	146	1.015	79.95	1
9	30	2004	18.3	5	153	0	78.65	2
10	1	2004	18.9	5.6	164	0	77.4	1
10	2	2004	19.4	4.4	182	0.508	77.95	2
10	3	2004	12.8	2.2	177	0	79.85	2
10	4	2004	12.8	2.2	126	0	83.9	2
10	5	2004	17.2	2.2	157	3.553	77	1
10	6	2004	25	-0.6	196	0.254	71.25	1
10	7	2004	21.1	4.4	198	0	77.2	2
10	8	2004	19.4	1.1	192	1.269	81.85	2
10	9	2004	21.7	2.8	199	0.254	65.2	2
10	10	2004	27.8	5.6	201	0	52.7	2
10	11	2004	30	10.6	193	1.777	-1	3
10	12	2004	33.3	8.9	180	0	36.85	1
10	13	2004	33.3	12.2	225	0.508	41.8	1
10	14	2004	31.1	7.8	151	1.777	47.9	1
10	15	2004	26.1	6.7	145	0	64.2	1
10	16	2004	15.6	10	35	4.315	81.75	1
10	17	2004	12.8	3.3	66	19.79	83.2	2
10	18	2004	11.1	1.7	117	0.254	78.7	1
10	19	2004	12.8	4.4	82	34.01	87.5	3
10	20	2004	12.8	-0.6	110	7.107	76.35	1
10	21	2004	12.8	-0.6	171	0	79.1	1
10	22	2004	15.6	-1.1	114	0	79.95	1
10	23	2004	7.8	2.2	25	1.777	95	-1
10	24	2004	9.4	1.1	154	0	81.5	-1
10	25	2004	10.6	-3.9	147	28.17	78.5	-1
10	26	2004	11.7	0.6	137	7.868	77.25	1
10	27	2004	12.8	0.6	179	0	80.8	1
10	28	2004	15	-2.8	139	0	79.65	1
10	29	2004	17.8	3.3	147	0	76	1
10	30	2004	17.2	2.2	137	0	85.65	2
10	31	2004	18.9	1.7	164	0	69	1
11	1	2004	20.6	0.6	162	0	65	-1
11	2	2004	19.4	0	151	1.015	74.5	-1
11	3	2004	14.4	5.6	79	3.3	78.5	-1
11	4	2004	13.9	2.2	76	0	76	-1
11	5	2004	18.3	-1.7	147	0	71.25	1
11	6	2004	16.7	0	139	0.254	84.85	1
11	7	2004	12.8	3.3	93	0	87.65	1
11	8	2004	13.3	6.7	32	0	-1	-1
11	9	2004	16.1	10	52	5.076	-1	-1
11	10	2004	13.9	10.6	33	8.376	-1	-1
11	11	2004	16.1	10.6	62	13.19	-1	-1
11	12	2004	19.4	4.4	119	0.508	-1	-1
11	13	2004	18.9	1.7	136	0	80.5	-1
11	14	2004	10.6	-0.6	99	0	89.5	-1
11	15	2004	10.6	-1.1	96	0	90	-1
11	16	2004	8.3	-1.1	65	0	91	-1
11	17	2004	10	-1.1	117	0.254	86	-1
11	18	2004	3.9	-1.1	55	0	98	-1
11	19	2004	7.2	-4.4	106	0	85	-1
11	20	2004	20.6	-7.2	137	0	61	-1
11	21	2004	16.7	1.7	137	0	41.65	3
11	22	2004	19.4	-2.2	120	0	66.25	1
11	23	2004	15	-3.9	99	0	79.5	-1
11	24	2004	16.1	-3.3	108	0	75	-1
11	25	2004	10.6	2.2	38	0	88.05	1
11	26	2004	7.8	2.2	33	0	91.7	1
11	27	2004	13.3	1.1	118	10.15	77.9	2
11	28	2004	15	-1.1	127	0	58.35	2
11	29	2004	12.2	-3.9	111	0	65.75	1
11	30	2004	12.8	-5	106	0	73.7	1
12	1	2004	12.8	-3.9	111	0	77	1
12	2	2004	15.6	-4.4	120	0	62	-1
12	3	2004	16.1	-4.4	122	0	65.3	1
12	4	2004	10	-4.4	87	0	82.15	1
12	5	2004	13.3	-4.4	105	0	72	1
12	6	2004	10.6	-4.4	39	13.95	84.15	3
12	7	2004	13.3	1.1	81	15.99	84.05	2
12	8	2004	9.4	5	29	29.94	94.5	-1
12	9	2004	13.3	3.9	61	1.523	88	-1
12	10	2004	8.9	-0.6	56	0.254	93	-1
12	11	2004	6.7	0	44	0	94.5	-1
12	12	2004	10	1.7	46	0	88.9	2
12	13	2004	13.9	5	52	0	89.85	2
12	14	2004	11.1	5	28	0	92.3	1
12	15	2004	13.3	-1.7	82	0	86.7	1
12	16	2004	11.7	-3.3	104	0	90.15	1
12	17	2004	13.9	-5	97	0.254	84.55	1
12	18	2004	12.8	-4.4	100	0	86.15	1
12	19	2004	9.4	-2.8	72	0	91	-1
12	20	2004	1.7	-2.8	34	0.254	99.5	-1
12	21	2004	13.3	-2.2	108	0	74	-1
12	22	2004	13.9	-1.1	109	0	68	-1
12	23	2004	19.4	-1.7	114	0	62.5	-1
12	24	2004	12.2	-1.1	110	0	82	1
12	25	2004	7.8	-3.9	79	0	87.8	2
12	26	2004	9.4	2.8	21	27.41	89.9	4
12	27	2004	5.6	-0.6	11	75.63	93.95	2
12	28	2004	10.6	6.7	34	6.091	-1	-1
12	29	2004	12.8	7.2	81	13.7	-1	-1
12	30	2004	13.9	3.3	64	11.16	-1	-1
12	31	2004	6.1	-1.7	51	10.91	-1	1
1	1	2005	5.6	-2.8	51	12.94	91.6	1
1	2	2005	5.6	0.6	37	15.22	91.7	2
1	3	2005	9.4	2.2	64	5.33	86.2	2
1	4	2005	6.7	-1.1	47	1.015	-1	-1
1	5	2005	7.2	-2.2	39	2.031	92.5	-1
1	6	2005	7.2	-1.1	122	0	89.6	2
1	7	2005	8.9	4.4	41	20.81	90.7	4
1	8	2005	11.7	1.1	75	2.284	84.75	2
1	9	2005	12.8	-1.7	95	0.508	86.1	1
1	10	2005	9.4	-3.9	67	13.19	92.6	2
1	11	2005	13.3	0	119	6.091	80.45	2
1	12	2005	12.2	-4.4	125	0	84.3	1
1	13	2005	5	-4.4	42	0	94.5	-1
1	14	2005	7.8	-1.7	100	0	90.5	-1
1	15	2005	7.2	-1.7	70	0	91.5	-1
1	16	2005	13.9	1.7	96	0	85	-1
1	17	2005	5	-0.6	54	0	96.85	2
1	18	2005	6.7	-0.6	58	0	93.25	3
1	19	2005	8.9	0.6	99	0	92.7	4
1	20	2005	7.2	0.6	73	0	94.3	3
1	21	2005	3.9	-1.7	50	0	96	-1
1	22	2005	3.3	-1.7	73	0	94.5	-1
1	23	2005	7.2	-1.7	104	0	91.5	-1
1	24	2005	5.6	0	62	0	94	-1
1	25	2005	6.7	-1.7	50	2.792	95.5	-1
1	26	2005	11.1	3.3	101	4.315	89	-1
1	27	2005	11.7	4.4	47	10.4	89.45	3
1	28	2005	13.3	1.7	107	1.523	85.55	2
1	29	2005	13.3	-2.8	142	0.254	79.95	2
1	30	2005	16.1	-2.8	140	0	79.1	1
1	31	2005	17.2	-3.9	139	0	80	1
2	1	2005	20	-0.6	152	0	72.95	1
2	2	2005	18.9	1.7	151	0	62.5	2
2	3	2005	17.8	-2.8	150	0	78.25	1
2	4	2005	14.4	-3.9	101	0	85	-1
2	5	2005	12.8	-1.1	127	0	83	-1
2	6	2005	14.4	0	151	0	73	-1
2	7	2005	11.7	0.6	103	1.269	78.35	1
2	8	2005	11.7	1.1	76	0	77.25	1
2	9	2005	15.6	-2.2	130	0	78.85	1
2	10	2005	16.7	-3.3	161	0	75.4	1
2	11	2005	14.4	-2.8	128	0.254	74.35	1
2	12	2005	16.7	-1.7	158	1.015	81.25	1
2	13	2005	9.4	1.1	42	0.761	88.4	1
2	14	2005	8.9	3.9	37	3.807	89.5	-1
2	15	2005	13.3	6.7	80	13.45	86.5	-1
2	16	2005	14.4	6.1	92	0.254	85.5	-1
2	17	2005	13.9	2.2	57	2.284	85.5	-1
2	18	2005	14.4	5.6	83	17.51	85.5	-1
2	19	2005	11.7	3.9	64	10.4	88	-1
2	20	2005	11.7	3.9	65	12.18	86.05	3
2	21	2005	17.8	6.1	134	14.97	80.45	5
2	22	2005	16.7	1.1	187	0.254	80.75	1
2	23	2005	12.2	1.1	104	0	89.3	2
2	24	2005	11.7	6.7	68	0	87.05	2
2	25	2005	12.2	5.6	44	0	87.55	1
2	26	2005	13.3	5	88	1.015	82.15	2
2	27	2005	12.2	2.2	33	26.9	87.85	3
2	28	2005	14.4	0.6	167	0	80.5	-1
3	1	2005	10.6	-1.1	124	7.614	78	-1
3	2	2005	14.4	0.6	145	0	83.5	-1
3	3	2005	12.2	-1.7	132	3.807	84.5	-1
3	4	2005	13.9	3.3	91	6.091	82.75	2
3	5	2005	18.3	-2.2	204	0	82.6	1
3	6	2005	19.4	-1.7	210	0	80.8	1
3	7	2005	15	1.1	161	0	86.8	1
3	8	2005	14.4	0	194	0	84.5	-1
3	9	2005	15.6	-0.6	204	0.254	82.5	-1
3	10	2005	24.4	2.2	220	0	71.5	-1
3	11	2005	26.1	5	221	0	72.5	-1
3	12	2005	12.8	6.1	67	0	91	-1
3	13	2005	15.6	6.7	195	0	82.5	-1
3	14	2005	22.8	1.7	236	0.508	57.15	3
3	15	2005	23.3	1.1	230	1.523	60.2	1
3	16	2005	16.7	2.2	189	0.254	81	2
3	17	2005	15	2.2	119	0	71.25	1
3	18	2005	12.2	6.7	69	9.137	87.5	-1
3	19	2005	13.3	5.6	141	12.18	80.5	-1
3	20	2005	16.1	5.6	168	3.553	77.5	3
3	21	2005	13.9	5.6	88	11.42	80.5	3
3	22	2005	11.1	6.7	77	7.868	87.4	3
3	23	2005	12.8	3.9	190	4.822	77.55	4
3	24	2005	13.9	-0.6	243	1.777	-1	-1
3	25	2005	15.6	-1.1	232	1.523	-1	-1
3	26	2005	16.7	-1.1	193	1.015	77	-1
3	27	2005	14.4	1.7	106	0.761	80.5	-1
3	28	2005	13.3	1.1	206	1.269	76.5	2
3	29	2005	14.4	5	170	1.015	76	2
3	30	2005	17.8	0.6	258	0.761	67.9	1
3	31	2005	19.4	3.3	251	0	71.55	1
4	1	2005	18.9	0	247	0	68	-1
4	2	2005	13.9	0.6	259	0	79	-1
4	3	2005	13.3	2.2	88	11.42	77.6	2
4	4	2005	15.6	-1.1	228	0	71.9	1
4	5	2005	18.9	-2.2	264	0	69.3	1
4	6	2005	18.9	-1.1	252	0	73.95	1
4	7	2005	13.9	3.9	222	1.777	75	-1
4	8	2005	13.9	4.4	159	11.16	77.5	-1
4	9	2005	16.7	0.6	273	0	78	-1
4	10	2005	18.3	1.7	267	0	71.75	2
4	11	2005	15.6	1.7	272	0	78.7	2
4	12	2005	14.4	-0.6	278	0	74.65	3
4	13	2005	13.9	-1.7	278	0	71.9	2
4	14	2005	17.2	5.6	278	0	60.5	-1
4	15	2005	20.6	2.2	293	0	65.5	-1
4	16	2005	17.8	1.1	289	0	79.5	2
4	17	2005	16.7	5	296	0.761	71.25	3
4	18	2005	17.8	1.7	303	0	65.75	3
4	19	2005	20	3.3	310	2.792	59.85	2
4	20	2005	16.1	-2.2	283	0.254	80	-1
4	21	2005	21.1	1.7	274	2.031	65.45	1
4	22	2005	22.8	2.2	239	6.345	66.8	1
4	23	2005	17.2	7.8	222	4.315	75.4	2
4	24	2005	16.1	3.3	151	0	78.5	1
4	25	2005	15.6	1.7	285	1.269	80	-1
4	26	2005	20	0	291	0.254	71.5	-1
4	27	2005	15.6	3.9	170	1.269	79.5	-1
4	28	2005	15.6	3.9	254	2.792	80	2
4	29	2005	15.6	-0.6	308	0	79.75	2
4	30	2005	15.6	3.3	210	0.508	79.5	2
5	1	2005	18.9	3.9	309	0	78.2	2
5	2	2005	17.2	2.8	313	0	79.75	2
5	3	2005	16.7	1.7	271	0.508	83.05	2
5	4	2005	8.9	2.8	66	20.3	93.2	1
5	5	2005	11.1	1.1	238	1.015	82.9	2
5	6	2005	13.9	2.8	279	0	80.5	-1
5	7	2005	16.1	1.1	255	0	78.45	2
5	8	2005	10.6	3.9	53	29.69	91.55	2
5	9	2005	12.8	1.7	256	3.3	78.4	2
5	10	2005	16.1	-1.1	333	0	72.95	2
5	11	2005	19.4	2.8	334	0	73.65	2
5	12	2005	21.7	2.2	314	0	77.8	1
5	13	2005	20.6	1.1	313	0.508	81	-1
5	14	2005	20	6.1	302	0.508	84.2	2
5	15	2005	16.7	7.8	155	0	87.55	2
5	16	2005	16.1	7.2	306	0	70.85	4
5	17	2005	15	5.6	125	0.761	78.2	1
5	18	2005	12.8	5.6	35	14.97	91.05	2
5	19	2005	13.9	2.8	221	0	81.85	1
5	20	2005	16.7	0.6	333	0	79.25	2
5	21	2005	21.7	3.9	341	0	72.65	2
5	22	2005	21.7	7.2	341	0	73.15	2
5	23	2005	23.3	9.4	327	2.284	70.05	2
5	24	2005	25.6	4.4	344	0	65	1
5	25	2005	26.1	6.7	344	0	69.05	2
5	26	2005	18.9	5	262	0.761	83.25	2
5	27	2005	13.3	4.4	272	0	85.15	2
5	28	2005	16.1	6.7	316	0	75	3
5	29	2005	18.3	4.4	323	2.538	77.8	2
5	30	2005	22.2	1.7	336	1.015	76.15	1
5	31	2005	24.4	3.3	313	0.254	76.55	2
6	1	2005	23.3	8.9	352	1.269	65.4	2
6	2	2005	22.8	8.3	349	0.254	67.75	2
6	3	2005	22.2	8.3	345	3.553	71.15	2
6	4	2005	22.2	4.4	343	0.254	71.9	2
6	5	2005	18.9	7.2	352	1.269	65.25	4
6	6	2005	25.6	10	301	0	65.7	4
6	7	2005	17.8	3.3	341	0	69.45	3
6	8	2005	11.7	6.1	45	0	91.7	1
6	9	2005	14.4	5	254	0	83.35	2
6	10	2005	18.9	3.3	323	0	78.15	2
6	11	2005	21.1	3.9	349	0	75.25	2
6	12	2005	24.4	5	347	0	68.5	2
6	13	2005	27.8	8.9	348	0	67.05	2
6	14	2005	22.8	8.9	323	0	70.6	3
6	15	2005	24.4	2.8	332	0	66.2	2
6	16	2005	15	7.8	86	9.391	80.7	2
6	17	2005	16.7	6.1	192	0	75.75	2
6	18	2005	19.4	6.7	293	0	74.3	2
6	19	2005	18.9	5	330	0	75.35	2
6	20	2005	17.2	4.4	331	0	73.75	2
6	21	2005	18.9	3.9	346	0	76.15	3
6	22	2005	23.3	3.3	355	0	71.75	2
6	23	2005	22.2	3.3	321	0	77.55	2
6	24	2005	22.8	9.4	297	0	73.65	1
6	25	2005	20.6	10	214	0	78.4	2
6	26	2005	18.9	8.9	246	0	80.65	2
6	27	2005	18.3	7.2	250	0	82.3	2
6	28	2005	21.1	5.6	291	0	80.75	2
6	29	2005	25	3.9	332	0	75.1	2
6	30	2005	24.4	5.6	329	0	77.1	2
7	1	2005	22.8	5	318	0	77.75	2
7	2	2005	23.3	3.9	317	0	74.2	2
7	3	2005	23.9	1.7	346	0	73.5	1
7	4	2005	26.1	3.9	338	0	71.15	1
7	5	2005	23.3	3.3	328	0	74.85	1
7	6	2005	25	4.4	333	0	75.3	2
7	7	2005	20.6	5.6	334	0	74.65	2
7	8	2005	21.1	7.2	319	0	74.7	2
7	9	2005	16.1	6.7	256	0	83.05	3
7	10	2005	20.6	5	321	0	79.5	2
7	11	2005	27.2	6.1	335	0	69.45	2
7	12	2005	30.6	8.9	336	0	67.1	1
7	13	2005	30	6.1	334	0	70.45	1
7	14	2005	25.6	7.2	322	0	73.5	2
7	15	2005	27.2	7.8	358	0	67.8	2
7	16	2005	28.3	5.6	322	0	70.5	2
7	17	2005	27.8	5.6	324	0	70.4	2
7	18	2005	21.7	7.2	289	0	77.5	2
7	19	2005	20.6	6.1	256	0	77.85	2
7	20	2005	21.7	5.6	302	0	73.45	2
7	21	2005	19.4	6.7	257	0	77.75	2
7	22	2005	22.8	8.9	330	0	74.1	2
7	23	2005	32.2	3.9	337	0	63.25	1
7	24	2005	28.9	8.9	334	0	69	1
7	25	2005	26.1	6.1	333	0	67.15	2
7	26	2005	25.6	5.6	322	0	70.65	2
7	27	2005	23.9	5.6	306	0	71.95	2
7	28	2005	21.1	5	275	0	72.95	2
7	29	2005	23.3	7.2	281	0	71.45	2
7	30	2005	23.9	5.6	291	0	71.3	2
7	31	2005	22.8	5	296	0	71.9	2
8	1	2005	26.7	5	308	0	68	2
8	2	2005	23.9	3.9	311	0	70.1	2
8	3	2005	24.4	4.4	297	0	72.35	2
8	4	2005	22.8	5	289	0	71.35	2
8	5	2005	24.4	3.9	306	0	71.9	2
8	6	2005	24.4	4.4	305	0	70.15	2
8	7	2005	20	3.9	296	0	72.7	2
8	8	2005	18.3	2.8	229	0	77.85	2
8	9	2005	16.1	3.9	230	0	78.8	2
8	10	2005	18.9	3.3	288	0	74.15	2
8	11	2005	26.7	2.2	292	0	68.95	2
8	12	2005	26.1	2.2	306	0	72.25	2
8	13	2005	19.4	6.7	202	0	78.35	2
8	14	2005	20	5.6	238	0	77.6	2
8	15	2005	20.6	5.6	221	0	76.95	2
8	16	2005	26.7	11.1	271	1.269	-1	-1
8	17	2005	21.7	11.1	256	0	-1	-1
8	18	2005	18.3	11.1	185	0	-1	-1
8	19	2005	18.3	11.7	172	0	-1	-1
8	20	2005	22.2	11.1	237	0	-1	-1
8	21	2005	23.9	10	254	0	-1	-1
8	22	2005	26.1	9.4	261	0	-1	-1
8	23	2005	27.2	8.3	270	0	-1	-1
8	24	2005	21.7	6.7	270	0	-1	-1
8	25	2005	23.9	7.2	273	0	-1	-1
8	26	2005	27.2	11.7	257	0	-1	-1
8	27	2005	31.7	8.9	266	0	-1	-1
8	28	2005	27.8	8.3	274	0	-1	-1
8	29	2005	32.2	6.1	281	0	-1	-1
8	30	2005	33.9	8.3	283	0	-1	-1
8	31	2005	33.9	6.7	278	0	-1	-1
9	1	2005	25	11.7	254	0	76	-1
9	2	2005	22.8	9.4	226	0	78	-1
9	3	2005	22.2	8.9	244	0	80	-1
9	4	2005	23.9	10.6	250	0	72	-1
9	5	2005	27.8	7.8	253	0	67	-1
9	6	2005	25	7.2	254	0	73.5	-1
9	7	2005	22.2	11.1	208	0	77	-1
9	8	2005	22.2	12.8	164	0	74.5	-1
9	9	2005	15.6	8.9	67	0	87.5	-1
9	10	2005	22.8	6.7	245	0	72.5	-1
9	11	2005	22.8	6.1	243	0	72.5	-1
9	12	2005	19.4	8.3	215	0	81.5	-1
9	13	2005	18.9	10	187	0	82	-1
9	14	2005	18.9	10.6	180	0	82	-1
9	15	2005	20	10.6	165	0	82	-1
9	16	2005	22.2	11.1	208	0	75.5	-1
9	17	2005	22.2	7.2	230	0	76.5	-1
9	18	2005	25.6	7.2	228	0	70.5	-1
9	19	2005	31.7	7.2	231	0	62	-1
9	20	2005	22.8	8.9	179	0	80	-1
9	21	2005	26.7	10.6	221	0	68	-1
9	22	2005	24.4	7.2	208	0	-1	-1
9	23	2005	24.4	6.1	218	0.254	-1	-1
9	24	2005	25	3.3	233	0	-1	-1
9	25	2005	28.9	1.1	226	0	-1	-1
9	26	2005	26.7	6.1	210	0	-1	-1
9	27	2005	23.3	7.2	196	0	-1	-1
9	28	2005	35	5	219	0	-1	-1
9	29	2005	33.3	3.9	220	0	-1	-1
9	30	2005	32.8	4.4	214	0	-1	-1
10	1	2005	25.6	7.2	176	0	-1	-1
10	2	2005	22.8	3.3	164	0	-1	-1
10	3	2005	21.7	2.8	211	0	-1	-1
10	4	2005	25	1.1	210	0	-1	-1
10	5	2005	28.9	2.2	205	0	-1	-1
10	6	2005	26.7	3.9	201	0	-1	-1
10	7	2005	25.6	5.6	188	0	-1	-1
10	8	2005	25	1.7	201	0	-1	-1
10	9	2005	26.7	1.7	198	0	-1	-1
10	10	2005	27.8	2.2	197	0	-1	-1
10	11	2005	24.4	3.9	192	0	-1	-1
10	12	2005	26.7	2.2	189	0	-1	-1
10	13	2005	31.1	1.1	188	0	-1	-1
10	14	2005	25.6	9.4	169	1.523	-1	-1
10	15	2005	21.7	7.2	175	0.254	-1	-1
10	16	2005	30.6	5	194	0	-1	-1
10	17	2005	30	3.9	189	0	-1	-1
10	18	2005	18.3	5.6	55	0	-1	-1
10	19	2005	20.6	5.6	114	0	-1	-1
10	20	2005	23.3	6.1	160	0	-1	-1
10	21	2005	22.8	6.1	169	0.254	-1	-1
10	22	2005	23.3	5.6	164	0	-1	-1
10	23	2005	23.9	6.1	157	0	-1	-1
10	24	2005	16.1	10	97	0	-1	-1
10	25	2005	18.9	10	147	0.508	-1	-1
10	26	2005	17.2	5.6	91	6.091	-1	-1
10	27	2005	18.3	6.1	153	0	-1	-1
10	28	2005	13.9	9.4	38	30.71	-1	-1
10	29	2005	19.4	5	150	0.254	-1	-1
10	30	2005	21.7	1.7	163	0	-1	-1
10	31	2005	25	2.8	156	0	-1	-1
11	1	2005	22.8	4.4	114	0	70	-1
11	2	2005	17.2	3.9	132	0	71	-1
11	3	2005	17.2	2.2	112	2.031	-1	-1
11	4	2005	17.8	6.7	143	2.031	-1	-1
11	5	2005	18.3	3.3	135	0	79	-1
11	6	2005	16.1	9.4	27	1.015	94.5	-1
11	7	2005	18.3	11.1	36	7.614	87.5	-1
11	8	2005	19.4	10	111	6.345	82.5	-1
11	9	2005	22.8	7.2	135	0	71	-1
11	10	2005	21.7	7.2	127	0	71.5	-1
11	11	2005	17.2	6.1	81	0	87	-1
11	12	2005	19.4	2.8	127	0	77	-1
11	13	2005	20.6	6.1	124	0	74	-1
11	14	2005	23.3	11.7	134	0	73	-1
11	15	2005	27.2	6.7	138	0	50	-1
11	16	2005	23.3	3.3	134	1.523	57.5	-1
11	17	2005	23.3	3.9	135	0.508	64	-1
11	18	2005	24.4	3.3	98	0	62	-1
11	19	2005	25.6	0	137	0	60	-1
11	20	2005	22.2	0	133	0	67	-1
11	21	2005	21.7	-0.6	129	1.777	66	-1
11	22	2005	21.7	-0.6	128	2.284	68	-1
11	23	2005	23.3	0	125	1.523	69	-1
11	24	2005	16.1	6.7	74	1.015	83.5	-1
11	25	2005	17.8	3.9	107	8.629	78.95	3
11	26	2005	15	0.6	127	0	60.3	2
11	27	2005	15.6	-1.1	100	0	62.75	1
11	28	2005	11.7	2.2	53	7.868	72.1	3
11	29	2005	13.3	5	41	3.3	92.35	1
11	30	2005	12.2	1.7	68	0.508	81.5	-1
12	1	2005	16.1	8.3	9	30.45	94.45	3
12	2	2005	13.3	1.7	98	0	78.65	2
12	3	2005	13.3	0.6	119	0	72	2
12	4	2005	13.9	-2.8	94	0	68.9	1
12	5	2005	15.6	-1.7	117	0	-1	1
12	6	2005	16.7	-3.9	118	0	68.55	1
12	7	2005	10	0	38	1.015	83.35	1
12	8	2005	16.1	2.8	83	0	75.7	1
12	9	2005	18.3	0	111	0	70.85	1
12	10	2005	16.7	-0.6	110	0	71.55	1
12	11	2005	14.4	-1.1	71	0	83.5	-1
12	12	2005	12.2	3.9	43	0	87.5	-1
12	13	2005	13.9	0	90	0	80.2	1
12	14	2005	12.8	-0.6	76	0.254	82.55	1
12	15	2005	13.9	-2.2	99	0	72.75	1
12	16	2005	5.6	0.6	32	0	94.25	2
12	17	2005	7.8	3.3	24	7.614	90.2	4
12	18	2005	16.7	7.8	21	49.23	92.35	4
12	19	2005	16.1	6.7	32	4.822	85.45	3
12	20	2005	16.1	6.7	25	19.28	85.4	2
12	21	2005	16.7	12.8	26	9.137	94.95	2
12	22	2005	12.2	3.3	22	22.58	94.95	1
12	23	2005	16.1	12.2	32	0.508	94.05	1
12	24	2005	18.3	12.2	95	0	87	2
12	25	2005	14.4	12.2	17	10.15	94.9	2
12	26	2005	15.6	8.9	62	4.822	83.6	2
12	27	2005	14.4	10.6	11	22.08	85.3	3
12	28	2005	16.1	8.3	80	21.57	85.9	3
12	29	2005	10	6.7	29	1.777	95.7	1
12	30	2005	15.6	9.4	10	51.77	92.5	3
12	31	2005	16.1	8.9	70	48.22	84.25	4
1	1	2006	12.8	8.9	6	18.27	86.4	3
1	2	2006	12.8	6.7	22	19.79	94.1	1
1	3	2006	11.7	3.9	21	11.67	89.45	3
1	4	2006	16.7	10	92	0	84.55	3
1	5	2006	15.6	8.3	99	0	84	2
1	6	2006	17.8	3.3	114	1.523	79.15	1
1	7	2006	15	7.2	86	2.284	88.3	2
1	8	2006	15.6	3.3	119	0	77.05	1
1	9	2006	17.2	0	116	0	72.15	1
1	10	2006	15	1.1	97	0	88.2	1
1	11	2006	16.1	5.6	73	0	81.2	2
1	12	2006	15	2.2	104	0	84.3	1
1	13	2006	15	8.3	90	4.315	83	3
1	14	2006	12.8	4.4	71	7.868	86.35	2
1	15	2006	13.9	1.1	128	0	71.4	2
1	16	2006	12.2	2.2	71	0	78.45	1
1	17	2006	12.8	5.6	62	8.376	83.35	2
1	18	2006	13.3	2.8	97	6.853	82.05	2
1	19	2006	13.9	1.1	119	0.254	79.05	1
1	20	2006	13.3	0	114	0.508	81.95	1
1	21	2006	13.3	5	79	4.569	87.55	2
1	22	2006	17.8	3.3	138	0	62.35	2
1	23	2006	18.3	0.6	136	0	60.9	1
1	24	2006	16.7	2.8	134	0	77	2
1	25	2006	13.3	0.6	73	0	84.5	1
1	26	2006	12.8	-0.6	109	0	78.45	1
1	27	2006	14.4	6.1	88	4.315	77.6	1
1	28	2006	13.3	7.2	24	5.584	95	2
1	29	2006	14.4	4.4	108	0	81.2	1
1	30	2006	16.1	4.4	56	11.92	87.85	2
1	31	2006	13.3	1.7	88	0	79.15	1
2	1	2006	13.3	7.2	31	13.19	95.25	2
2	2	2006	16.1	11.7	62	2.792	91.15	2
2	3	2006	14.4	10	47	0	90.85	1
2	4	2006	15.6	3.9	147	2.792	72.55	2
2	5	2006	17.2	-1.1	163	0	69.3	1
2	6	2006	18.9	3.9	137	0	67.2	2
2	7	2006	21.1	1.7	160	0	68.7	1
2	8	2006	21.1	1.1	163	0	71.3	1
2	9	2006	21.1	3.9	164	0	71.2	2
2	10	2006	21.7	1.7	165	0	71.35	1
2	11	2006	19.4	6.7	148	0	81.35	1
2	12	2006	21.7	3.3	143	0	78.75	1
2	13	2006	23.9	1.1	172	0	68.15	1
2	14	2006	20	3.9	173	0	68.75	3
2	15	2006	12.8	-0.6	179	0	64.85	2
2	16	2006	12.2	-4.4	166	0	63.35	1
2	17	2006	6.1	-1.1	44	3.046	89.25	1
2	18	2006	8.9	-2.2	73	1.015	83.6	1
2	19	2006	10.6	-0.6	115	0	77.45	1
2	20	2006	15	-2.8	185	0	69	1
2	21	2006	16.7	-4.4	185	0	69.05	1
2	22	2006	18.3	-2.8	188	0	66.9	1
2	23	2006	20.6	-1.1	184	0	69.45	1
2	24	2006	20.6	-0.6	186	0	66.85	1
2	25	2006	18.9	1.7	178	0	76.45	1
2	26	2006	12.8	3.9	31	11.16	85.25	3
2	27	2006	16.7	10	29	54.06	87.95	4
2	28	2006	14.4	4.4	147	3.553	76.3	2
3	1	2006	14.4	1.7	158	9.137	76.55	2
3	2	2006	13.9	4.4	167	0.761	69.05	2
3	3	2006	12.2	1.1	179	12.69	77.9	2
3	4	2006	12.8	0	151	0.254	76.1	2
3	5	2006	11.1	8.9	19	29.69	77.9	3
3	6	2006	12.2	6.1	88	15.48	88.6	1
3	7	2006	13.3	3.9	144	4.822	79.45	2
3	8	2006	15	2.2	155	0.254	76.8	2
3	9	2006	13.3	1.7	203	2.538	70.7	3
3	10	2006	8.9	-1.1	130	4.061	84.85	1
3	11	2006	10.6	-1.7	190	0	75.9	2
3	12	2006	10.6	0	100	14.21	85.3	2
3	13	2006	11.7	-0.6	128	8.629	80.2	2
3	14	2006	13.3	5.6	175	7.107	75.2	2
3	15	2006	13.9	6.7	161	0.508	73.25	2
3	16	2006	13.3	8.3	62	9.645	86.15	2
3	17	2006	14.4	3.9	227	1.015	79.45	2
3	18	2006	15.6	2.8	233	0	73	2
3	19	2006	15.6	2.2	235	0	67.7	2
3	20	2006	12.2	3.9	112	9.391	79.25	2
3	21	2006	13.3	2.8	158	0	76.55	2
3	22	2006	15	6.7	126	0	79.95	1
3	23	2006	18.9	2.2	198	0.254	70	2
3	24	2006	15	10.6	63	12.43	91.15	2
3	25	2006	13.9	5	171	4.822	79.2	4
3	26	2006	17.8	1.1	217	0	76.15	1
3	27	2006	15	1.1	118	4.569	80.2	2
3	28	2006	13.3	5	105	3.046	79.25	2
3	29	2006	13.9	7.8	115	12.43	84.1	3
3	30	2006	13.9	8.9	88	2.538	84.5	2
3	31	2006	13.3	4.4	63	13.95	83.65	2
4	1	2006	15	4.4	185	1.523	77.4	2
4	2	2006	13.3	8.3	91	8.629	83.9	3
4	3	2006	16.1	7.2	133	4.315	81	2
4	4	2006	13.9	5	73	21.32	85.35	2
4	5	2006	14.4	6.1	232	2.538	79.45	2
4	6	2006	14.4	4.4	119	0	80.85	1
4	7	2006	14.4	6.1	96	4.315	80.05	2
4	8	2006	16.7	7.8	203	0	74.1	2
4	9	2006	16.7	6.7	154	0.254	77.9	2
4	10	2006	15	6.1	137	2.792	78.55	2
4	11	2006	12.2	9.4	35	23.85	90.55	4
4	12	2006	14.4	10	65	5.584	86.4	3
4	13	2006	23.9	10	231	0	74.2	1
4	14	2006	18.3	9.4	226	0	83.1	3
4	15	2006	13.9	8.3	100	3.3	82.45	2
4	16	2006	14.4	5.6	177	12.69	79.7	2
4	17	2006	15.6	5	258	0	74.7	2
4	18	2006	19.4	2.8	297	0	65.65	2
4	19	2006	21.1	3.3	292	0	76.75	1
4	20	2006	20	4.4	281	0	80.75	2
4	21	2006	18.9	5	264	0	81.5	2
4	22	2006	17.8	10.6	158	0	75.2	2
4	23	2006	17.2	9.4	175	0	80.85	2
4	24	2006	13.9	6.7	79	0	83.75	2
4	25	2006	15.6	7.2	132	0	82.8	1
4	26	2006	21.1	5.6	282	0	78.95	1
4	27	2006	26.7	8.3	302	0	74.9	1
4	28	2006	20.6	7.8	284	1.269	85.35	2
4	29	2006	20	8.9	234	1.777	81.5	1
4	30	2006	25.6	7.8	308	0	76.65	1
5	1	2006	23.9	5	317	1.269	72.6	1
5	2	2006	24.4	4.4	314	0.508	71.25	1
5	3	2006	17.8	4.4	262	0.508	82.2	1
5	4	2006	19.4	5.6	232	0	82.45	2
5	5	2006	14.4	6.7	111	1.777	88.15	2
5	6	2006	17.8	7.2	292	0	79.9	2
5	7	2006	22.2	5.6	310	0	78.15	1
5	8	2006	21.1	7.2	323	1.777	75.05	2
5	9	2006	25	5	322	1.269	72	1
5	10	2006	28.3	3.3	286	0	-1	1
5	11	2006	23.9	7.2	312	0	75	1
5	12	2006	24.4	5.6	312	0	73.35	1
5	13	2006	22.8	5	330	0	71.8	1
5	14	2006	31.7	6.1	320	0	61.85	1
5	15	2006	27.8	10.6	306	0	70.25	2
5	16	2006	20.6	10	204	0	79.35	2
5	17	2006	23.3	8.9	271	0	84.3	2
5	18	2006	18.9	8.9	286	0	85.45	2
5	19	2006	13.3	8.9	66	0	91.35	2
5	20	2006	21.1	9.4	227	0	78.8	2
5	21	2006	20	11.7	131	0	81	2
5	22	2006	18.9	9.4	261	0	77.1	2
5	23	2006	20	12.8	180	0	72.1	2
5	24	2006	20.6	10.6	297	0	77	2
5	25	2006	19.4	7.2	321	0	76.2	3
5	26	2006	18.9	8.3	307	0	68.3	3
5	27	2006	17.8	4.4	335	0	74.95	3
5	28	2006	20	5	330	0	74	2
5	29	2006	22.2	2.2	329	0	72.55	1
5	30	2006	22.2	5.6	324	0	73.35	2
5	31	2006	21.1	9.4	277	0	82.6	2
6	1	2006	22.2	11.7	195	0	83.5	2
6	2	2006	23.9	13.3	293	0	84.1	2
6	3	2006	26.7	11.1	317	0	73.85	2
6	4	2006	21.7	10.6	293	0	80.65	2
6	5	2006	21.7	8.3	324	0	80.8	2
6	6	2006	25.6	8.3	322	0	74.5	2
6	7	2006	22.2	9.4	320	0	74.5	2
6	8	2006	23.9	7.2	317	0	74.4	1
6	9	2006	24.4	6.7	317	0	75.45	1
6	10	2006	22.2	7.2	257	0	78.75	1
6	11	2006	19.4	11.1	198	0	82.8	2
6	12	2006	17.8	11.1	118	0	80.9	2
6	13	2006	19.4	8.9	176	0	78.3	2
6	14	2006	18.9	11.7	153	0	81.35	2
6	15	2006	25	10	322	0	72.55	2
6	16	2006	31.7	12.8	329	0	59.85	2
6	17	2006	30	10.6	335	0	62.6	1
6	18	2006	25.6	7.8	333	0	68.1	2
6	19	2006	26.7	6.7	326	0	69.9	1
6	20	2006	29.4	7.8	328	0	66.3	1
6	21	2006	32.8	10	331	0	57.5	1
6	22	2006	35.6	12.8	333	0	53.05	1
6	23	2006	28.9	10.6	324	0	70.7	2
6	24	2006	25.6	12.2	301	0	75.55	2
6	25	2006	26.1	12.8	299	0	76.35	2
6	26	2006	28.9	12.8	295	0	73.4	2
6	27	2006	23.9	12.8	243	0	79.15	2
6	28	2006	23.3	13.3	211	0	80	2
6	29	2006	25	13.3	282	0	77.15	2
6	30	2006	20.6	12.2	265	0	79.55	2
7	1	2006	26.7	11.1	295	0	73.8	2
7	2	2006	23.3	10	285	0	75.05	2
7	3	2006	23.9	9.4	302	0	77.15	1
7	4	2006	22.8	10	304	0	75.5	2
7	5	2006	22.2	7.8	318	0	77.8	2
7	6	2006	23.3	8.3	326	0	72	2
7	7	2006	30.6	7.8	322	0	64.45	1
7	8	2006	34.4	9.4	319	0	60.5	1
7	9	2006	31.1	9.4	323	0	65.55	1
7	10	2006	25.6	10	294	0	74.05	2
7	11	2006	21.1	9.4	293	0	77.8	2
7	12	2006	22.2	8.3	308	0	82.45	2
7	13	2006	30.6	10.6	313	0	70.75	1
7	14	2006	27.2	11.1	293	0	72.3	2
7	15	2006	27.2	11.1	296	0	71.45	2
7	16	2006	33.9	9.4	319	0	64.95	1
7	17	2006	35	11.1	315	0	60.7	1
7	18	2006	32.8	12.2	301	0	62.7	2
7	19	2006	31.1	13.9	222	0	59.45	1
7	20	2006	33.3	12.8	295	0	59.9	2
7	21	2006	35	15	286	0	57.5	1
7	22	2006	40.6	16.1	293	0	55.7	1
7	23	2006	38.9	13.9	298	0	58.05	1
7	24	2006	36.7	13.3	298	0	63.15	2
7	25	2006	35.6	12.8	303	0	65.3	1
7	26	2006	29.4	12.8	295	0	73.1	2
7	27	2006	24.4	13.3	317	0	77.7	2
7	28	2006	25.6	12.8	259	0	76.9	2
7	29	2006	25.6	12.8	239	0	75.35	2
7	30	2006	26.7	9.4	307	0	68.3	2
7	31	2006	22.8	10.6	305	0	71.05	2
8	1	2006	27.2	8.3	300	0	68.25	1
8	2	2006	26.1	8.9	287	0	70.25	1
8	3	2006	26.1	8.3	297	0	74.15	2
8	4	2006	25	9.4	260	0	73.9	2
8	5	2006	24.4	11.1	283	0	72.45	2
8	6	2006	23.3	9.4	290	0	73	2
8	7	2006	21.7	12.2	181	0	76.5	2
8	8	2006	27.8	13.9	268	0	68.65	2
8	9	2006	34.4	11.7	288	0	60.95	1
8	10	2006	30	11.7	291	0	66.6	2
8	11	2006	24.4	10.6	281	0	72.6	2
8	12	2006	24.4	9.4	278	0	75.15	2
8	13	2006	26.1	11.7	270	0	70.65	2
8	14	2006	22.8	12.2	222	0	73.65	2
8	15	2006	21.7	10	211	0	79.2	2
