Model	Date	Time	WxFile	Long	Lat	JdStart	JdEnd	Month	Day	Year	dd	root	stem	leaf	tuber	leafnum	sdlsr	nsdlsr	wsd	sqdecplt	lai	evapsoil	fielddem	avgev	wvgwd	gmtot	TariNum	TManNum	mb1	mb2	mb3	mb4	mb5	mb6	ed1	ed2	ed3	el1	el2	el3
CasGIS	06Nov25	8:50:27-AM	C:\models\wx\AgMERRA_wx_africa_coarse_1980-2010_windows\agmerra_0001_217_DZA_NF.txt	0.1250	35.8750	1	365	12	31	1986	0	0.000	0.000	0.000	0.000	0.000	0.00	0.00	0.00	0.001	0.061	0.000	0.010	0.563	0.021	0.0000	0.0000	0.0000	0.000	0.000	0.000	0.000	0.000	0.000	0.000	0.000	0.000	0.000	0.000	0.000
CasGIS	06Nov25	8:50:27-AM	C:\models\wx\AgMERRA_wx_africa_coarse_1980-2010_windows\agmerra_0001_219_DZA_NF.txt	0.1250	35.3750	1	365	12	31	1986	0	0.000	0.000	0.000	0.000	0.000	0.00	0.00	0.00	0.001	0.162	0.000	0.074	0.361	0.075	0.0000	0.0000	0.0000	0.000	0.000	0.000	0.000	0.000	0.000	0.000	0.000	0.000	0.000	0.000	0.000
CasGIS	06Nov25	8:50:28-AM	C:\models\wx\AgMERRA_wx_africa_coarse_1980-2010_windows\agmerra_0001_221_DZA_NF.txt	0.1250	34.8750	1	365	12	31	1986	0	0.000	0.000	0.000	0.000	0.000	0.00	0.00	0.00	0.001	0.591	0.000	0.350	0.860	0.208	0.0000	0.0000	0.0000	0.000	0.000	0.000	0.000	0.000	0.000	0.000	0.000	0.000	0.000	0.000	0.000
CasGIS	06Nov25	8:50:28-AM	C:\models\wx\AgMERRA_wx_africa_coarse_1980-2010_windows\agmerra_0001_223_DZA_NF.txt	0.1250	34.3750	1	365	12	31	1986	0	0.000	0.000	0.000	0.000	0.000	0.00	0.00	0.00	0.001	0.400	0.000	0.284	0.585	0.156	0.0000	0.0000	0.0000	0.000	0.000	0.000	0.000	0.000	0.000	0.000	0.000	0.000	0.000	0.000	0.000
CasGIS	06Nov25	8:50:29-AM	C:\models\wx\AgMERRA_wx_africa_coarse_1980-2010_windows\agmerra_0001_225_DZA_NF.txt	0.1250	33.8750	1	365	12	31	1986	0	0.000	0.000	0.000	0.000	0.000	0.00	0.00	0.00	0.001	0.002	0.000	0.010	0.623	0.010	0.0000	0.0000	0.0000	0.000	0.000	0.000	0.000	0.000	0.000	0.000	0.000	0.000	0.000	0.000	0.000
CasGIS	06Nov25	8:50:29-AM	C:\models\wx\AgMERRA_wx_africa_coarse_1980-2010_windows\agmerra_0001_227_DZA_NF.txt	0.1250	33.3750	1	365	12	31	1986	0	0.000	0.000	0.000	0.000	0.000	0.00	0.00	0.00	0.001	0.001	0.000	0.010	0.687	0.010	0.0000	0.0000	0.0000	0.000	0.000	0.000	0.000	0.000	0.000	0.000	0.000	0.000	0.000	0.000	0.000
CasGIS	06Nov25	8:50:30-AM	C:\models\wx\AgMERRA_wx_africa_coarse_1980-2010_windows\agmerra_0001_229_DZA_NF.txt	0.1250	32.8750	1	365	12	31	1986	0	0.000	0.000	0.000	0.000	0.000	0.00	0.00	0.00	0.001	0.001	0.000	0.010	0.739	0.010	0.0000	0.0000	0.0000	0.000	0.000	0.000	0.000	0.000	0.000	0.000	0.000	0.000	0.000	0.000	0.000
CasGIS	06Nov25	8:50:31-AM	C:\models\wx\AgMERRA_wx_africa_coarse_1980-2010_windows\agmerra_0001_231_DZA_NF.txt	0.1250	32.3750	1	365	12	31	1986	0	0.000	0.000	0.000	0.000	0.000	0.00	0.00	0.00	0.001	0.001	0.000	0.010	0.818	0.010	0.0000	0.0000	0.0000	0.000	0.000	0.000	0.000	0.000	0.000	0.000	0.000	0.000	0.000	0.000	0.000
CasGIS	06Nov25	8:50:31-AM	C:\models\wx\AgMERRA_wx_africa_coarse_1980-2010_windows\agmerra_0001_233_DZA_NF.txt	0.1250	31.8750	1	365	12	31	1986	0	0.000	0.000	0.000	0.000	0.000	0.00	0.00	0.00	0.001	0.000	0.000	0.010	0.950	0.010	0.0000	0.0000	0.0000	0.000	0.000	0.000	0.000	0.000	0.000	0.000	0.000	0.000	0.000	0.000	0.000
CasGIS	06Nov25	8:50:32-AM	C:\models\wx\AgMERRA_wx_africa_coarse_1980-2010_windows\agmerra_0001_235_DZA_NF.txt	0.1250	31.3750	1	365	12	31	1986	0	0.000	0.000	0.000	0.000	0.000	0.00	0.00	0.00	0.001	0.001	0.000	0.010	0.098	0.010	0.0000	0.0000	0.0000	0.000	0.000	0.000	0.000	0.000	0.000	0.000	0.000	0.000	0.000	0.000	0.000
CasGIS	06Nov25	8:50:33-AM	C:\models\wx\AgMERRA_wx_africa_coarse_1980-2010_windows\agmerra_0001_237_DZA_NF.txt	0.1250	30.8750	1	365	12	31	1986	0	0.000	0.000	0.000	0.000	0.000	0.00	0.00	0.00	0.001	0.000	0.000	0.010	0.031	0.010	0.0000	0.0000	0.0000	0.000	0.000	0.000	0.000	0.000	0.000	0.000	0.000	0.000	0.000	0.000	0.000
CasGIS	06Nov25	8:50:34-AM	C:\models\wx\AgMERRA_wx_africa_coarse_1980-2010_windows\agmerra_0001_239_DZA_NF.txt	0.1250	30.3750	1	365	12	31	1986	0	0.000	0.000	0.000	0.000	0.000	0.00	0.00	0.00	0.001	0.000	0.000	0.010	0.025	0.010	0.0000	0.0000	0.0000	0.000	0.000	0.000	0.000	0.000	0.000	0.000	0.000	0.000	0.000	0.000	0.000
CasGIS	06Nov25	8:50:36-AM	C:\models\wx\AgMERRA_wx_africa_coarse_1980-2010_windows\agmerra_0001_241_DZA_NF.txt	0.1250	29.8750	1	365	12	31	1986	0	0.000	0.000	0.000	0.000	0.000	0.00	0.00	0.00	0.001	0.310	0.000	0.395	0.029	0.331	0.0000	0.0000	0.0000	0.000	0.000	0.000	0.000	0.000	0.000	0.000	0.000	0.000	0.000	0.000	0.000
CasGIS	06Nov25	8:50:37-AM	C:\models\wx\AgMERRA_wx_africa_coarse_1980-2010_windows\agmerra_0001_243_DZA_NF.txt	0.1250	29.3750	1	365	12	31	1986	0	0.000	0.000	0.000	0.000	0.000	0.00	0.00	0.00	0.001	0.473	0.000	0.601	0.032	0.463	0.0000	0.0000	0.0000	0.000	0.000	0.000	0.000	0.000	0.000	0.000	0.000	0.000	0.000	0.000	0.000
CasGIS	06Nov25	8:50:39-AM	C:\models\wx\AgMERRA_wx_africa_coarse_1980-2010_windows\agmerra_0001_245_DZA_NF.txt	0.1250	28.8750	1	365	12	31	1986	0	0.000	0.000	0.000	0.000	0.000	0.00	0.00	0.00	0.001	0.844	0.000	0.944	0.033	0.839	0.0000	0.0000	0.0000	0.000	0.000	0.000	0.000	0.000	0.000	0.000	0.000	0.000	0.000	0.000	0.000
CasGIS	06Nov25	8:50:41-AM	C:\models\wx\AgMERRA_wx_africa_coarse_1980-2010_windows\agmerra_0001_247_DZA_NF.txt	0.1250	28.3750	1	365	12	31	1986	0	0.000	0.000	0.000	0.000	0.000	0.00	0.00	0.00	0.001	1.713	0.000	1.528	0.598	1.213	0.0000	0.0000	0.0000	0.000	0.000	0.000	0.000	0.000	0.000	0.000	0.000	0.000	0.000	0.000	0.000
CasGIS	06Nov25	8:50:43-AM	C:\models\wx\AgMERRA_wx_africa_coarse_1980-2010_windows\agmerra_0001_249_DZA_NF.txt	0.1250	27.8750	1	365	12	31	1986	0	0.000	0.000	0.000	0.000	0.000	0.00	0.00	0.00	0.001	2.010	0.000	1.744	0.031	1.399	0.0000	0.0000	0.0000	0.000	0.000	0.000	0.000	0.000	0.000	0.000	0.000	0.000	0.000	0.000	0.000
